Piece:
1
Board:
0 0 0 0 0 0 0 0 0 0 
0 0 0 0 0 0 0 0 0 0 
0 0 0 0 0 0 0 0 0 0 
0 0 0 0 0 0 0 0 0 0 
0 0 0 0 0 0 0 0 0 0 
0 0 0 0 0 0 0 0 0 0 
0 0 0 0 0 0 0 0 0 0 
0 0 0 0 0 0 0 0 0 0 
0 0 0 0 0 0 0 0 0 0 
0 0 0 0 0 0 0 0 0 0 
0 0 0 0 0 0 0 0 0 0 
0 0 0 0 0 0 0 0 0 0 
0 0 0 0 0 0 0 0 0 0 
0 0 0 0 0 0 0 0 0 0 
0 0 0 0 0 0 0 0 0 0 
0 0 0 0 0 0 0 0 0 0 
0 0 0 0 0 0 0 0 0 0 
1 1 0 2 2 0 0 1 0 0 
1 1 1 2 2 0 1 1 1 0 
1 1 1 1 1 1 1 0 1 1 


Piece:
4
Board:
0 0 0 0 0 0 0 0 0 0 
0 0 0 0 0 0 0 0 0 0 
0 0 0 0 0 0 0 0 0 0 
0 0 0 0 0 0 0 0 0 0 
0 0 0 0 0 0 0 0 0 0 
0 0 0 0 0 0 0 0 0 0 
0 0 0 0 0 0 0 0 0 0 
0 0 0 0 0 0 0 0 0 0 
0 0 0 0 0 0 0 0 0 0 
0 0 0 0 0 0 0 0 0 0 
0 0 0 0 0 0 0 0 0 0 
0 0 0 0 0 0 0 0 0 0 
0 0 0 0 0 0 0 0 0 0 
0 0 0 0 0 0 0 0 0 0 
0 0 0 0 0 0 0 0 0 0 
0 0 0 0 0 0 0 0 0 0 
0 0 0 0 0 0 2 0 0 0 
1 1 0 1 1 2 2 1 0 0 
1 1 1 1 1 2 1 1 1 0 
1 1 1 1 1 1 1 0 1 1 


Piece:
7
Board:
0 0 0 0 0 0 0 0 0 0 
0 0 0 0 0 0 0 0 0 0 
0 0 0 0 0 0 0 0 0 0 
0 0 0 0 0 0 0 0 0 0 
0 0 0 0 0 0 0 0 0 0 
0 0 0 0 0 0 0 0 0 0 
0 0 0 0 0 0 0 0 0 0 
0 0 0 0 0 0 0 0 0 0 
0 0 0 0 0 0 0 0 0 0 
0 0 0 0 0 0 0 0 0 0 
0 0 0 0 0 0 0 0 0 0 
0 0 0 0 0 0 0 0 0 0 
0 0 0 0 0 0 0 0 0 0 
0 0 0 0 0 0 0 0 0 0 
0 0 0 0 0 0 0 0 0 0 
0 0 0 0 0 0 0 0 0 0 
0 0 0 0 0 0 1 0 0 2 
1 1 0 1 1 1 1 1 2 2 
1 1 1 1 1 1 1 1 1 2 
1 1 1 1 1 1 1 0 1 1 


Piece:
6
Board:
0 0 0 0 0 0 0 0 0 0 
0 0 0 0 0 0 0 0 0 0 
0 0 0 0 0 0 0 0 0 0 
0 0 0 0 0 0 0 0 0 0 
0 0 0 0 0 0 0 0 0 0 
0 0 0 0 0 0 0 0 0 0 
0 0 0 0 0 0 0 0 0 0 
0 0 0 0 0 0 0 0 0 0 
0 0 0 0 0 0 0 0 0 0 
0 0 0 0 0 0 0 0 0 0 
0 0 0 0 0 0 0 0 0 0 
0 0 0 0 0 0 0 0 0 0 
0 0 0 0 0 0 0 0 0 0 
0 0 0 0 0 0 0 0 0 0 
0 0 0 0 0 0 0 0 0 0 
0 0 0 0 0 0 0 0 0 0 
0 0 0 0 0 0 0 0 0 0 
0 0 2 2 2 0 1 0 0 1 
1 1 2 1 1 1 1 1 1 1 
1 1 1 1 1 1 1 0 1 1 


Piece:
6
Board:
0 0 0 0 0 0 0 0 0 0 
0 0 0 0 0 0 0 0 0 0 
0 0 0 0 0 0 0 0 0 0 
0 0 0 0 0 0 0 0 0 0 
0 0 0 0 0 0 0 0 0 0 
0 0 0 0 0 0 0 0 0 0 
0 0 0 0 0 0 0 0 0 0 
0 0 0 0 0 0 0 0 0 0 
0 0 0 0 0 0 0 0 0 0 
0 0 0 0 0 0 0 0 0 0 
0 0 0 0 0 0 0 0 0 0 
0 0 0 0 0 0 0 0 0 0 
0 0 0 0 0 0 0 0 0 0 
0 0 0 0 0 0 0 0 0 0 
0 0 0 0 0 0 0 0 0 0 
0 0 0 0 0 0 0 0 0 0 
2 0 0 0 0 0 0 0 0 0 
2 0 0 0 0 0 0 0 0 0 
2 2 1 1 1 0 1 0 0 1 
1 1 1 1 1 1 1 0 1 1 


Piece:
7
Board:
0 0 0 0 0 0 0 0 0 0 
0 0 0 0 0 0 0 0 0 0 
0 0 0 0 0 0 0 0 0 0 
0 0 0 0 0 0 0 0 0 0 
0 0 0 0 0 0 0 0 0 0 
0 0 0 0 0 0 0 0 0 0 
0 0 0 0 0 0 0 0 0 0 
0 0 0 0 0 0 0 0 0 0 
0 0 0 0 0 0 0 0 0 0 
0 0 0 0 0 0 0 0 0 0 
0 0 0 0 0 0 0 0 0 0 
0 0 0 0 0 0 0 0 0 0 
0 0 0 0 0 0 0 0 0 0 
0 0 0 0 0 0 0 0 0 0 
0 0 0 0 0 0 0 0 0 0 
0 0 0 0 0 0 0 0 0 0 
1 0 0 0 0 0 0 0 0 0 
1 0 0 0 0 0 0 2 0 0 
1 1 1 1 1 0 1 2 2 1 
1 1 1 1 1 1 1 2 1 1 


Piece:
1
Board:
0 0 0 0 0 0 0 0 0 0 
0 0 0 0 0 0 0 0 0 0 
0 0 0 0 0 0 0 0 0 0 
0 0 0 0 0 0 0 0 0 0 
0 0 0 0 0 0 0 0 0 0 
0 0 0 0 0 0 0 0 0 0 
0 0 0 0 0 0 0 0 0 0 
0 0 0 0 0 0 0 0 0 0 
0 0 0 0 0 0 0 0 0 0 
0 0 0 0 0 0 0 0 0 0 
0 0 0 0 0 0 0 0 0 0 
0 0 0 0 0 0 0 0 0 0 
0 0 0 0 0 0 0 0 0 0 
0 0 0 0 0 0 0 0 0 0 
0 0 0 0 0 0 0 0 0 0 
0 0 0 0 0 0 0 0 0 0 
0 0 0 0 0 0 0 0 0 0 
1 0 0 0 0 0 0 0 2 2 
1 0 0 0 0 0 0 1 2 2 
1 1 1 1 1 0 1 1 1 1 


Piece:
5
Board:
0 0 0 0 0 0 0 0 0 0 
0 0 0 0 0 0 0 0 0 0 
0 0 0 0 0 0 0 0 0 0 
0 0 0 0 0 0 0 0 0 0 
0 0 0 0 0 0 0 0 0 0 
0 0 0 0 0 0 0 0 0 0 
0 0 0 0 0 0 0 0 0 0 
0 0 0 0 0 0 0 0 0 0 
0 0 0 0 0 0 0 0 0 0 
0 0 0 0 0 0 0 0 0 0 
0 0 0 0 0 0 0 0 0 0 
0 0 0 0 0 0 0 0 0 0 
0 0 0 0 0 0 0 0 0 0 
0 0 0 0 0 0 0 0 0 0 
0 0 0 0 0 0 0 0 0 0 
0 0 0 0 0 0 0 0 0 0 
0 0 0 0 0 0 0 0 0 0 
1 0 0 0 0 2 2 0 1 1 
1 0 0 0 0 2 0 1 1 1 
1 1 1 1 1 2 1 1 1 1 


Piece:
2
Board:
0 0 0 0 0 0 0 0 0 0 
0 0 0 0 0 0 0 0 0 0 
0 0 0 0 0 0 0 0 0 0 
0 0 0 0 0 0 0 0 0 0 
0 0 0 0 0 0 0 0 0 0 
0 0 0 0 0 0 0 0 0 0 
0 0 0 0 0 0 0 0 0 0 
0 0 0 0 0 0 0 0 0 0 
0 0 0 0 0 0 0 0 0 0 
0 0 0 0 0 0 0 0 0 0 
0 0 0 0 0 0 0 0 0 0 
0 0 0 0 0 0 0 0 0 0 
0 0 0 0 0 0 0 0 0 0 
0 0 0 0 0 0 0 0 0 0 
0 0 0 0 0 0 0 0 0 0 
0 0 0 0 0 0 0 0 0 0 
0 0 0 0 0 0 0 0 0 0 
0 0 0 0 0 0 0 0 0 0 
1 0 0 0 0 1 1 0 1 1 
1 2 2 2 2 1 0 1 1 1 


Piece:
4
Board:
0 0 0 0 0 0 0 0 0 0 
0 0 0 0 0 0 0 0 0 0 
0 0 0 0 0 0 0 0 0 0 
0 0 0 0 0 0 0 0 0 0 
0 0 0 0 0 0 0 0 0 0 
0 0 0 0 0 0 0 0 0 0 
0 0 0 0 0 0 0 0 0 0 
0 0 0 0 0 0 0 0 0 0 
0 0 0 0 0 0 0 0 0 0 
0 0 0 0 0 0 0 0 0 0 
0 0 0 0 0 0 0 0 0 0 
0 0 0 0 0 0 0 0 0 0 
0 0 0 0 0 0 0 0 0 0 
0 0 0 0 0 0 0 0 0 0 
0 0 0 0 0 0 0 0 0 0 
0 0 0 0 0 0 0 0 0 0 
0 0 0 0 0 0 0 0 0 0 
2 2 0 0 0 0 0 0 0 0 
1 2 2 0 0 1 1 0 1 1 
1 1 1 1 1 1 0 1 1 1 


Piece:
6
Board:
0 0 0 0 0 0 0 0 0 0 
0 0 0 0 0 0 0 0 0 0 
0 0 0 0 0 0 0 0 0 0 
0 0 0 0 0 0 0 0 0 0 
0 0 0 0 0 0 0 0 0 0 
0 0 0 0 0 0 0 0 0 0 
0 0 0 0 0 0 0 0 0 0 
0 0 0 0 0 0 0 0 0 0 
0 0 0 0 0 0 0 0 0 0 
0 0 0 0 0 0 0 0 0 0 
0 0 0 0 0 0 0 0 0 0 
0 0 0 0 0 0 0 0 0 0 
0 0 0 0 0 0 0 0 0 0 
0 0 0 0 0 0 0 0 0 0 
0 0 0 0 0 0 0 0 0 0 
0 0 0 0 0 0 0 0 0 0 
0 0 0 0 0 0 0 0 0 0 
1 1 0 0 0 0 0 2 2 2 
1 1 1 0 0 1 1 2 1 1 
1 1 1 1 1 1 0 1 1 1 


Piece:
4
Board:
0 0 0 0 0 0 0 0 0 0 
0 0 0 0 0 0 0 0 0 0 
0 0 0 0 0 0 0 0 0 0 
0 0 0 0 0 0 0 0 0 0 
0 0 0 0 0 0 0 0 0 0 
0 0 0 0 0 0 0 0 0 0 
0 0 0 0 0 0 0 0 0 0 
0 0 0 0 0 0 0 0 0 0 
0 0 0 0 0 0 0 0 0 0 
0 0 0 0 0 0 0 0 0 0 
0 0 0 0 0 0 0 0 0 0 
0 0 0 0 0 0 0 0 0 0 
0 0 0 0 0 0 0 0 0 0 
0 0 0 0 0 0 0 0 0 0 
0 0 0 0 0 0 0 0 0 0 
0 0 0 0 0 0 0 0 0 0 
0 0 0 0 0 0 0 0 0 0 
1 1 2 2 0 0 0 1 1 1 
1 1 1 2 2 1 1 1 1 1 
1 1 1 1 1 1 0 1 1 1 


Piece:
1
Board:
0 0 0 0 0 0 0 0 0 0 
0 0 0 0 0 0 0 0 0 0 
0 0 0 0 0 0 0 0 0 0 
0 0 0 0 0 0 0 0 0 0 
0 0 0 0 0 0 0 0 0 0 
0 0 0 0 0 0 0 0 0 0 
0 0 0 0 0 0 0 0 0 0 
0 0 0 0 0 0 0 0 0 0 
0 0 0 0 0 0 0 0 0 0 
0 0 0 0 0 0 0 0 0 0 
0 0 0 0 0 0 0 0 0 0 
0 0 0 0 0 0 0 0 0 0 
0 0 0 0 0 0 0 0 0 0 
0 0 0 0 0 0 0 0 0 0 
0 0 0 0 0 0 0 0 0 0 
0 0 0 0 0 0 0 0 0 0 
2 2 0 0 0 0 0 0 0 0 
2 2 0 0 0 0 0 0 0 0 
1 1 1 1 0 0 0 1 1 1 
1 1 1 1 1 1 0 1 1 1 


Piece:
6
Board:
0 0 0 0 0 0 0 0 0 0 
0 0 0 0 0 0 0 0 0 0 
0 0 0 0 0 0 0 0 0 0 
0 0 0 0 0 0 0 0 0 0 
0 0 0 0 0 0 0 0 0 0 
0 0 0 0 0 0 0 0 0 0 
0 0 0 0 0 0 0 0 0 0 
0 0 0 0 0 0 0 0 0 0 
0 0 0 0 0 0 0 0 0 0 
0 0 0 0 0 0 0 0 0 0 
0 0 0 0 0 0 0 0 0 0 
0 0 0 0 0 0 0 0 0 0 
0 0 0 0 0 0 0 0 0 0 
0 0 0 0 0 0 0 0 0 0 
0 0 0 0 0 0 0 0 0 0 
0 0 0 0 0 0 0 0 0 0 
1 1 0 0 0 0 0 0 0 0 
1 1 0 0 0 0 2 0 0 0 
1 1 1 1 2 2 2 1 1 1 
1 1 1 1 1 1 0 1 1 1 


Piece:
4
Board:
0 0 0 0 0 0 0 0 0 0 
0 0 0 0 0 0 0 0 0 0 
0 0 0 0 0 0 0 0 0 0 
0 0 0 0 0 0 0 0 0 0 
0 0 0 0 0 0 0 0 0 0 
0 0 0 0 0 0 0 0 0 0 
0 0 0 0 0 0 0 0 0 0 
0 0 0 0 0 0 0 0 0 0 
0 0 0 0 0 0 0 0 0 0 
0 0 0 0 0 0 0 0 0 0 
0 0 0 0 0 0 0 0 0 0 
0 0 0 0 0 0 0 0 0 0 
0 0 0 0 0 0 0 0 0 0 
0 0 0 0 0 0 0 0 0 0 
0 0 0 0 0 0 0 0 0 0 
0 0 0 0 0 0 0 0 0 0 
0 0 0 0 0 0 0 0 0 0 
1 1 0 0 0 0 2 2 0 0 
1 1 0 0 0 0 1 2 2 0 
1 1 1 1 1 1 0 1 1 1 


Piece:
1
Board:
0 0 0 0 0 0 0 0 0 0 
0 0 0 0 0 0 0 0 0 0 
0 0 0 0 0 0 0 0 0 0 
0 0 0 0 0 0 0 0 0 0 
0 0 0 0 0 0 0 0 0 0 
0 0 0 0 0 0 0 0 0 0 
0 0 0 0 0 0 0 0 0 0 
0 0 0 0 0 0 0 0 0 0 
0 0 0 0 0 0 0 0 0 0 
0 0 0 0 0 0 0 0 0 0 
0 0 0 0 0 0 0 0 0 0 
0 0 0 0 0 0 0 0 0 0 
0 0 0 0 0 0 0 0 0 0 
0 0 0 0 0 0 0 0 0 0 
0 0 0 0 0 0 0 0 0 0 
0 0 0 0 0 0 0 0 0 0 
0 0 0 0 0 0 0 0 0 0 
1 1 2 2 0 0 1 1 0 0 
1 1 2 2 0 0 1 1 1 0 
1 1 1 1 1 1 0 1 1 1 


Piece:
6
Board:
0 0 0 0 0 0 0 0 0 0 
0 0 0 0 0 0 0 0 0 0 
0 0 0 0 0 0 0 0 0 0 
0 0 0 0 0 0 0 0 0 0 
0 0 0 0 0 0 0 0 0 0 
0 0 0 0 0 0 0 0 0 0 
0 0 0 0 0 0 0 0 0 0 
0 0 0 0 0 0 0 0 0 0 
0 0 0 0 0 0 0 0 0 0 
0 0 0 0 0 0 0 0 0 0 
0 0 0 0 0 0 0 0 0 0 
0 0 0 0 0 0 0 0 0 0 
0 0 0 0 0 0 0 0 0 0 
0 0 0 0 0 0 0 0 0 0 
0 0 0 0 0 0 0 0 0 0 
0 0 0 0 0 0 0 0 0 0 
0 0 0 0 0 0 0 0 2 2 
1 1 1 1 0 0 1 1 0 2 
1 1 1 1 0 0 1 1 1 2 
1 1 1 1 1 1 0 1 1 1 


Piece:
1
Board:
0 0 0 0 0 0 0 0 0 0 
0 0 0 0 0 0 0 0 0 0 
0 0 0 0 0 0 0 0 0 0 
0 0 0 0 0 0 0 0 0 0 
0 0 0 0 0 0 0 0 0 0 
0 0 0 0 0 0 0 0 0 0 
0 0 0 0 0 0 0 0 0 0 
0 0 0 0 0 0 0 0 0 0 
0 0 0 0 0 0 0 0 0 0 
0 0 0 0 0 0 0 0 0 0 
0 0 0 0 0 0 0 0 0 0 
0 0 0 0 0 0 0 0 0 0 
0 0 0 0 0 0 0 0 0 0 
0 0 0 0 0 0 0 0 0 0 
0 0 0 0 0 0 0 0 0 0 
0 0 0 0 0 0 0 0 0 0 
0 0 0 0 0 0 0 0 1 1 
1 1 1 1 2 2 1 1 0 1 
1 1 1 1 2 2 1 1 1 1 
1 1 1 1 1 1 0 1 1 1 


Piece:
5
Board:
0 0 0 0 0 0 0 0 0 0 
0 0 0 0 0 0 0 0 0 0 
0 0 0 0 0 0 0 0 0 0 
0 0 0 0 0 0 0 0 0 0 
0 0 0 0 0 0 0 0 0 0 
0 0 0 0 0 0 0 0 0 0 
0 0 0 0 0 0 0 0 0 0 
0 0 0 0 0 0 0 0 0 0 
0 0 0 0 0 0 0 0 0 0 
0 0 0 0 0 0 0 0 0 0 
0 0 0 0 0 0 0 0 0 0 
0 0 0 0 0 0 0 0 0 0 
0 0 0 0 0 0 0 0 0 0 
0 0 0 0 0 0 0 0 0 0 
0 0 0 0 0 0 0 0 0 0 
0 0 0 0 0 0 0 0 0 0 
2 0 0 0 0 0 0 0 0 0 
2 2 2 0 0 0 0 0 1 1 
1 1 1 1 1 1 1 1 0 1 
1 1 1 1 1 1 0 1 1 1 


Piece:
5
Board:
0 0 0 0 0 0 0 0 0 0 
0 0 0 0 0 0 0 0 0 0 
0 0 0 0 0 0 0 0 0 0 
0 0 0 0 0 0 0 0 0 0 
0 0 0 0 0 0 0 0 0 0 
0 0 0 0 0 0 0 0 0 0 
0 0 0 0 0 0 0 0 0 0 
0 0 0 0 0 0 0 0 0 0 
0 0 0 0 0 0 0 0 0 0 
0 0 0 0 0 0 0 0 0 0 
0 0 0 0 0 0 0 0 0 0 
0 0 0 0 0 0 0 0 0 0 
0 0 0 0 0 0 0 0 0 0 
0 0 0 0 0 0 0 0 0 0 
0 0 0 0 0 0 0 0 0 0 
0 0 0 0 0 0 0 0 0 0 
1 0 0 2 0 0 0 0 0 0 
1 1 1 2 2 2 0 0 1 1 
1 1 1 1 1 1 1 1 0 1 
1 1 1 1 1 1 0 1 1 1 


Piece:
3
Board:
0 0 0 0 0 0 0 0 0 0 
0 0 0 0 0 0 0 0 0 0 
0 0 0 0 0 0 0 0 0 0 
0 0 0 0 0 0 0 0 0 0 
0 0 0 0 0 0 0 0 0 0 
0 0 0 0 0 0 0 0 0 0 
0 0 0 0 0 0 0 0 0 0 
0 0 0 0 0 0 0 0 0 0 
0 0 0 0 0 0 0 0 0 0 
0 0 0 0 0 0 0 0 0 0 
0 0 0 0 0 0 0 0 0 0 
0 0 0 0 0 0 0 0 0 0 
0 0 0 0 0 0 0 0 0 0 
0 0 0 0 0 0 0 0 0 0 
0 0 0 0 0 0 0 0 0 0 
0 0 0 0 0 0 0 0 0 0 
1 0 0 1 0 0 0 2 2 0 
1 1 1 1 1 1 2 2 1 1 
1 1 1 1 1 1 1 1 0 1 
1 1 1 1 1 1 0 1 1 1 


Piece:
7
Board:
0 0 0 0 0 0 0 0 0 0 
0 0 0 0 0 0 0 0 0 0 
0 0 0 0 0 0 0 0 0 0 
0 0 0 0 0 0 0 0 0 0 
0 0 0 0 0 0 0 0 0 0 
0 0 0 0 0 0 0 0 0 0 
0 0 0 0 0 0 0 0 0 0 
0 0 0 0 0 0 0 0 0 0 
0 0 0 0 0 0 0 0 0 0 
0 0 0 0 0 0 0 0 0 0 
0 0 0 0 0 0 0 0 0 0 
0 0 0 0 0 0 0 0 0 0 
0 0 0 0 0 0 0 0 0 0 
0 0 0 0 0 0 0 0 0 0 
0 0 0 0 0 0 0 0 0 0 
0 0 0 0 0 0 0 0 0 0 
0 0 0 0 0 2 0 0 0 0 
1 0 0 1 2 2 2 1 1 0 
1 1 1 1 1 1 1 1 0 1 
1 1 1 1 1 1 0 1 1 1 


Piece:
3
Board:
0 0 0 0 0 0 0 0 0 0 
0 0 0 0 0 0 0 0 0 0 
0 0 0 0 0 0 0 0 0 0 
0 0 0 0 0 0 0 0 0 0 
0 0 0 0 0 0 0 0 0 0 
0 0 0 0 0 0 0 0 0 0 
0 0 0 0 0 0 0 0 0 0 
0 0 0 0 0 0 0 0 0 0 
0 0 0 0 0 0 0 0 0 0 
0 0 0 0 0 0 0 0 0 0 
0 0 0 0 0 0 0 0 0 0 
0 0 0 0 0 0 0 0 0 0 
0 0 0 0 0 0 0 0 0 0 
0 0 0 0 0 0 0 0 0 0 
0 0 0 0 0 0 0 0 0 0 
0 0 0 0 0 0 0 0 2 0 
0 0 0 0 0 1 0 0 2 2 
1 0 0 1 1 1 1 1 1 2 
1 1 1 1 1 1 1 1 0 1 
1 1 1 1 1 1 0 1 1 1 


Piece:
3
Board:
0 0 0 0 0 0 0 0 0 0 
0 0 0 0 0 0 0 0 0 0 
0 0 0 0 0 0 0 0 0 0 
0 0 0 0 0 0 0 0 0 0 
0 0 0 0 0 0 0 0 0 0 
0 0 0 0 0 0 0 0 0 0 
0 0 0 0 0 0 0 0 0 0 
0 0 0 0 0 0 0 0 0 0 
0 0 0 0 0 0 0 0 0 0 
0 0 0 0 0 0 0 0 0 0 
0 0 0 0 0 0 0 0 0 0 
0 0 0 0 0 0 0 0 0 0 
0 0 0 0 0 0 0 0 0 0 
0 0 0 0 0 0 0 0 0 0 
0 0 0 0 0 0 0 0 0 0 
0 0 0 0 0 0 0 0 1 0 
0 0 2 2 0 1 0 0 1 1 
1 2 2 1 1 1 1 1 1 1 
1 1 1 1 1 1 1 1 0 1 
1 1 1 1 1 1 0 1 1 1 


Piece:
5
Board:
0 0 0 0 0 0 0 0 0 0 
0 0 0 0 0 0 0 0 0 0 
0 0 0 0 0 0 0 0 0 0 
0 0 0 0 0 0 0 0 0 0 
0 0 0 0 0 0 0 0 0 0 
0 0 0 0 0 0 0 0 0 0 
0 0 0 0 0 0 0 0 0 0 
0 0 0 0 0 0 0 0 0 0 
0 0 0 0 0 0 0 0 0 0 
0 0 0 0 0 0 0 0 0 0 
0 0 0 0 0 0 0 0 0 0 
0 0 0 0 0 0 0 0 0 0 
0 0 0 0 0 0 0 0 0 0 
0 0 0 0 0 0 0 0 0 0 
0 0 0 0 0 0 0 0 0 0 
0 0 0 0 0 0 0 0 0 0 
0 0 2 2 2 0 0 0 1 0 
0 0 1 1 2 1 0 0 1 1 
1 1 1 1 1 1 1 1 0 1 
1 1 1 1 1 1 0 1 1 1 


Piece:
7
Board:
0 0 0 0 0 0 0 0 0 0 
0 0 0 0 0 0 0 0 0 0 
0 0 0 0 0 0 0 0 0 0 
0 0 0 0 0 0 0 0 0 0 
0 0 0 0 0 0 0 0 0 0 
0 0 0 0 0 0 0 0 0 0 
0 0 0 0 0 0 0 0 0 0 
0 0 0 0 0 0 0 0 0 0 
0 0 0 0 0 0 0 0 0 0 
0 0 0 0 0 0 0 0 0 0 
0 0 0 0 0 0 0 0 0 0 
0 0 0 0 0 0 0 0 0 0 
0 0 0 0 0 0 0 0 0 0 
0 0 0 0 0 0 0 0 0 0 
0 0 0 0 0 0 0 0 0 0 
2 0 0 0 0 0 0 0 0 0 
2 2 1 1 1 0 0 0 1 0 
2 0 1 1 1 1 0 0 1 1 
1 1 1 1 1 1 1 1 0 1 
1 1 1 1 1 1 0 1 1 1 


Piece:
4
Board:
0 0 0 0 0 0 0 0 0 0 
0 0 0 0 0 0 0 0 0 0 
0 0 0 0 0 0 0 0 0 0 
0 0 0 0 0 0 0 0 0 0 
0 0 0 0 0 0 0 0 0 0 
0 0 0 0 0 0 0 0 0 0 
0 0 0 0 0 0 0 0 0 0 
0 0 0 0 0 0 0 0 0 0 
0 0 0 0 0 0 0 0 0 0 
0 0 0 0 0 0 0 0 0 0 
0 0 0 0 0 0 0 0 0 0 
0 0 0 0 0 0 0 0 0 0 
0 0 0 0 0 0 0 0 0 0 
0 0 0 0 0 0 0 0 0 0 
0 0 0 0 0 0 0 0 0 0 
1 0 0 0 0 0 0 0 0 0 
1 1 1 1 1 2 2 0 1 0 
1 0 1 1 1 1 2 2 1 1 
1 1 1 1 1 1 1 1 0 1 
1 1 1 1 1 1 0 1 1 1 


Piece:
6
Board:
0 0 0 0 0 0 0 0 0 0 
0 0 0 0 0 0 0 0 0 0 
0 0 0 0 0 0 0 0 0 0 
0 0 0 0 0 0 0 0 0 0 
0 0 0 0 0 0 0 0 0 0 
0 0 0 0 0 0 0 0 0 0 
0 0 0 0 0 0 0 0 0 0 
0 0 0 0 0 0 0 0 0 0 
0 0 0 0 0 0 0 0 0 0 
0 0 0 0 0 0 0 0 0 0 
0 0 0 0 0 0 0 0 0 0 
0 0 0 0 0 0 0 0 0 0 
0 0 0 0 0 0 0 0 0 0 
0 0 0 0 0 0 0 0 0 0 
0 0 0 0 0 0 2 2 0 0 
1 0 0 0 0 0 0 2 0 0 
1 1 1 1 1 1 1 2 1 0 
1 0 1 1 1 1 1 1 1 1 
1 1 1 1 1 1 1 1 0 1 
1 1 1 1 1 1 0 1 1 1 


Piece:
3
Board:
0 0 0 0 0 0 0 0 0 0 
0 0 0 0 0 0 0 0 0 0 
0 0 0 0 0 0 0 0 0 0 
0 0 0 0 0 0 0 0 0 0 
0 0 0 0 0 0 0 0 0 0 
0 0 0 0 0 0 0 0 0 0 
0 0 0 0 0 0 0 0 0 0 
0 0 0 0 0 0 0 0 0 0 
0 0 0 0 0 0 0 0 0 0 
0 0 0 0 0 0 0 0 0 0 
0 0 0 0 0 0 0 0 0 0 
0 0 0 0 0 0 0 0 0 0 
0 0 0 0 0 0 0 0 0 0 
0 0 0 0 0 0 0 0 0 0 
0 0 0 0 0 0 1 1 2 0 
1 0 0 0 0 0 0 1 2 2 
1 1 1 1 1 1 1 1 1 2 
1 0 1 1 1 1 1 1 1 1 
1 1 1 1 1 1 1 1 0 1 
1 1 1 1 1 1 0 1 1 1 


Piece:
4
Board:
0 0 0 0 0 0 0 0 0 0 
0 0 0 0 0 0 0 0 0 0 
0 0 0 0 0 0 0 0 0 0 
0 0 0 0 0 0 0 0 0 0 
0 0 0 0 0 0 0 0 0 0 
0 0 0 0 0 0 0 0 0 0 
0 0 0 0 0 0 0 0 0 0 
0 0 0 0 0 0 0 0 0 0 
0 0 0 0 0 0 0 0 0 0 
0 0 0 0 0 0 0 0 0 0 
0 0 0 0 0 0 0 0 0 0 
0 0 0 0 0 0 0 0 0 0 
0 0 0 0 0 0 0 0 0 0 
0 0 0 0 0 0 0 0 0 0 
0 0 0 0 0 0 0 0 0 0 
0 0 2 0 0 0 1 1 1 0 
1 2 2 0 0 0 0 1 1 1 
1 2 1 1 1 1 1 1 1 1 
1 1 1 1 1 1 1 1 0 1 
1 1 1 1 1 1 0 1 1 1 


Piece:
7
Board:
0 0 0 0 0 0 0 0 0 0 
0 0 0 0 0 0 0 0 0 0 
0 0 0 0 0 0 0 0 0 0 
0 0 0 0 0 0 0 0 0 0 
0 0 0 0 0 0 0 0 0 0 
0 0 0 0 0 0 0 0 0 0 
0 0 0 0 0 0 0 0 0 0 
0 0 0 0 0 0 0 0 0 0 
0 0 0 0 0 0 0 0 0 0 
0 0 0 0 0 0 0 0 0 0 
0 0 0 0 0 0 0 0 0 0 
0 0 0 0 0 0 0 0 0 0 
0 0 0 0 0 0 0 0 0 0 
0 0 0 0 0 0 0 0 0 0 
0 0 0 0 0 0 0 0 0 2 
0 0 0 0 0 0 0 0 2 2 
0 0 1 0 0 0 1 1 1 2 
1 1 1 0 0 0 0 1 1 1 
1 1 1 1 1 1 1 1 0 1 
1 1 1 1 1 1 0 1 1 1 


Piece:
5
Board:
0 0 0 0 0 0 0 0 0 0 
0 0 0 0 0 0 0 0 0 0 
0 0 0 0 0 0 0 0 0 0 
0 0 0 0 0 0 0 0 0 0 
0 0 0 0 0 0 0 0 0 0 
0 0 0 0 0 0 0 0 0 0 
0 0 0 0 0 0 0 0 0 0 
0 0 0 0 0 0 0 0 0 0 
0 0 0 0 0 0 0 0 0 0 
0 0 0 0 0 0 0 0 0 0 
0 0 0 0 0 0 0 0 0 0 
0 0 0 0 0 0 0 0 0 0 
0 0 0 0 0 0 0 0 0 0 
0 0 0 0 0 0 0 0 0 0 
0 2 0 0 0 0 0 0 0 1 
0 2 0 0 0 0 0 0 1 1 
2 2 1 0 0 0 1 1 1 1 
1 1 1 0 0 0 0 1 1 1 
1 1 1 1 1 1 1 1 0 1 
1 1 1 1 1 1 0 1 1 1 


Piece:
5
Board:
0 0 0 0 0 0 0 0 0 0 
0 0 0 0 0 0 0 0 0 0 
0 0 0 0 0 0 0 0 0 0 
0 0 0 0 0 0 0 0 0 0 
0 0 0 0 0 0 0 0 0 0 
0 0 0 0 0 0 0 0 0 0 
0 0 0 0 0 0 0 0 0 0 
0 0 0 0 0 0 0 0 0 0 
0 0 0 0 0 0 0 0 0 0 
0 0 0 0 0 0 0 0 0 0 
0 0 0 0 0 0 0 0 0 0 
0 0 0 0 0 0 0 0 0 0 
0 0 0 0 0 0 0 0 0 0 
0 0 0 0 0 0 0 0 0 0 
0 1 0 0 0 0 0 0 0 1 
0 1 0 0 0 0 0 0 1 1 
1 1 1 2 0 0 1 1 1 1 
1 1 1 2 2 2 0 1 1 1 
1 1 1 1 1 1 1 1 0 1 
1 1 1 1 1 1 0 1 1 1 


Piece:
1
Board:
0 0 0 0 0 0 0 0 0 0 
0 0 0 0 0 0 0 0 0 0 
0 0 0 0 0 0 0 0 0 0 
0 0 0 0 0 0 0 0 0 0 
0 0 0 0 0 0 0 0 0 0 
0 0 0 0 0 0 0 0 0 0 
0 0 0 0 0 0 0 0 0 0 
0 0 0 0 0 0 0 0 0 0 
0 0 0 0 0 0 0 0 0 0 
0 0 0 0 0 0 0 0 0 0 
0 0 0 0 0 0 0 0 0 0 
0 0 0 0 0 0 0 0 0 0 
0 0 0 0 0 0 0 0 0 0 
0 0 0 0 0 0 0 0 0 0 
0 1 0 0 0 0 0 0 0 1 
0 1 0 0 2 2 0 0 1 1 
1 1 1 1 2 2 1 1 1 1 
1 1 1 1 1 1 0 1 1 1 
1 1 1 1 1 1 1 1 0 1 
1 1 1 1 1 1 0 1 1 1 


Piece:
2
Board:
0 0 0 0 0 0 0 0 0 0 
0 0 0 0 0 0 0 0 0 0 
0 0 0 0 0 0 0 0 0 0 
0 0 0 0 0 0 0 0 0 0 
0 0 0 0 0 0 0 0 0 0 
0 0 0 0 0 0 0 0 0 0 
0 0 0 0 0 0 0 0 0 0 
0 0 0 0 0 0 0 0 0 0 
0 0 0 0 0 0 0 0 0 0 
0 0 0 0 0 0 0 0 0 0 
0 0 0 0 0 0 0 0 0 0 
0 0 0 0 0 0 0 0 0 0 
0 0 0 0 0 0 0 0 0 0 
0 0 0 0 0 0 0 0 0 0 
0 0 0 0 0 0 2 0 0 0 
0 1 0 0 0 0 2 0 0 1 
0 1 0 0 1 1 2 0 1 1 
1 1 1 1 1 1 2 1 1 1 
1 1 1 1 1 1 1 1 0 1 
1 1 1 1 1 1 0 1 1 1 


Piece:
5
Board:
0 0 0 0 0 0 0 0 0 0 
0 0 0 0 0 0 0 0 0 0 
0 0 0 0 0 0 0 0 0 0 
0 0 0 0 0 0 0 0 0 0 
0 0 0 0 0 0 0 0 0 0 
0 0 0 0 0 0 0 0 0 0 
0 0 0 0 0 0 0 0 0 0 
0 0 0 0 0 0 0 0 0 0 
0 0 0 0 0 0 0 0 0 0 
0 0 0 0 0 0 0 0 0 0 
0 0 0 0 0 0 0 0 0 0 
0 0 0 0 0 0 0 0 0 0 
0 0 0 0 0 0 0 0 0 0 
0 0 0 0 0 0 0 0 0 0 
0 0 0 0 0 0 0 0 0 0 
0 0 0 2 0 0 1 0 0 0 
0 1 0 2 0 0 1 0 0 1 
0 1 2 2 1 1 1 0 1 1 
1 1 1 1 1 1 1 1 0 1 
1 1 1 1 1 1 0 1 1 1 


Piece:
2
Board:
0 0 0 0 0 0 0 0 0 0 
0 0 0 0 0 0 0 0 0 0 
0 0 0 0 0 0 0 0 0 0 
0 0 0 0 0 0 0 0 0 0 
0 0 0 0 0 0 0 0 0 0 
0 0 0 0 0 0 0 0 0 0 
0 0 0 0 0 0 0 0 0 0 
0 0 0 0 0 0 0 0 0 0 
0 0 0 0 0 0 0 0 0 0 
0 0 0 0 0 0 0 0 0 0 
0 0 0 0 0 0 0 0 0 0 
0 0 0 0 0 0 0 0 0 0 
0 0 0 0 0 0 0 0 0 0 
0 0 0 0 0 0 0 0 0 0 
2 0 0 0 0 0 0 0 0 0 
2 0 0 1 0 0 1 0 0 0 
2 1 0 1 0 0 1 0 0 1 
2 1 1 1 1 1 1 0 1 1 
1 1 1 1 1 1 1 1 0 1 
1 1 1 1 1 1 0 1 1 1 


Piece:
6
Board:
0 0 0 0 0 0 0 0 0 0 
0 0 0 0 0 0 0 0 0 0 
0 0 0 0 0 0 0 0 0 0 
0 0 0 0 0 0 0 0 0 0 
0 0 0 0 0 0 0 0 0 0 
0 0 0 0 0 0 0 0 0 0 
0 0 0 0 0 0 0 0 0 0 
0 0 0 0 0 0 0 0 0 0 
0 0 0 0 0 0 0 0 0 0 
0 0 0 0 0 0 0 0 0 0 
0 0 0 0 0 0 0 0 0 0 
0 0 0 0 0 0 0 0 0 0 
0 0 0 0 0 0 0 0 0 0 
0 0 0 0 0 0 0 0 0 0 
1 0 0 0 2 0 0 0 0 0 
1 0 0 1 2 0 1 0 0 0 
1 1 0 1 2 2 1 0 0 1 
1 1 1 1 1 1 1 0 1 1 
1 1 1 1 1 1 1 1 0 1 
1 1 1 1 1 1 0 1 1 1 


Piece:
3
Board:
0 0 0 0 0 0 0 0 0 0 
0 0 0 0 0 0 0 0 0 0 
0 0 0 0 0 0 0 0 0 0 
0 0 0 0 0 0 0 0 0 0 
0 0 0 0 0 0 0 0 0 0 
0 0 0 0 0 0 0 0 0 0 
0 0 0 0 0 0 0 0 0 0 
0 0 0 0 0 0 0 0 0 0 
0 0 0 0 0 0 0 0 0 0 
0 0 0 0 0 0 0 0 0 0 
0 0 0 0 0 0 0 0 0 0 
0 0 0 0 0 0 0 0 0 0 
0 0 0 0 0 0 0 0 0 0 
0 0 0 0 0 0 0 0 0 0 
1 2 0 0 1 0 0 0 0 0 
1 2 2 1 1 0 1 0 0 0 
1 1 2 1 1 1 1 0 0 1 
1 1 1 1 1 1 1 0 1 1 
1 1 1 1 1 1 1 1 0 1 
1 1 1 1 1 1 0 1 1 1 


Piece:
5
Board:
0 0 0 0 0 0 0 0 0 0 
0 0 0 0 0 0 0 0 0 0 
0 0 0 0 0 0 0 0 0 0 
0 0 0 0 0 0 0 0 0 0 
0 0 0 0 0 0 0 0 0 0 
0 0 0 0 0 0 0 0 0 0 
0 0 0 0 0 0 0 0 0 0 
0 0 0 0 0 0 0 0 0 0 
0 0 0 0 0 0 0 0 0 0 
0 0 0 0 0 0 0 0 0 0 
0 0 0 0 0 0 0 0 0 0 
0 0 0 0 0 0 0 0 0 0 
0 0 0 0 0 0 0 0 0 0 
2 2 2 0 0 0 0 0 0 0 
1 1 2 0 1 0 0 0 0 0 
1 1 1 1 1 0 1 0 0 0 
1 1 1 1 1 1 1 0 0 1 
1 1 1 1 1 1 1 0 1 1 
1 1 1 1 1 1 1 1 0 1 
1 1 1 1 1 1 0 1 1 1 


Piece:
4
Board:
0 0 0 0 0 0 0 0 0 0 
0 0 0 0 0 0 0 0 0 0 
0 0 0 0 0 0 0 0 0 0 
0 0 0 0 0 0 0 0 0 0 
0 0 0 0 0 0 0 0 0 0 
0 0 0 0 0 0 0 0 0 0 
0 0 0 0 0 0 0 0 0 0 
0 0 0 0 0 0 0 0 0 0 
0 0 0 0 0 0 0 0 0 0 
0 0 0 0 0 0 0 0 0 0 
0 0 0 0 0 0 0 0 0 0 
0 0 0 0 0 0 0 0 0 0 
0 0 0 0 0 0 0 0 0 0 
1 1 1 0 0 0 0 0 0 0 
1 1 1 0 1 0 0 0 0 0 
1 1 1 1 1 0 1 0 2 0 
1 1 1 1 1 1 1 2 2 1 
1 1 1 1 1 1 1 2 1 1 
1 1 1 1 1 1 1 1 0 1 
1 1 1 1 1 1 0 1 1 1 


Piece:
4
Board:
0 0 0 0 0 0 0 0 0 0 
0 0 0 0 0 0 0 0 0 0 
0 0 0 0 0 0 0 0 0 0 
0 0 0 0 0 0 0 0 0 0 
0 0 0 0 0 0 0 0 0 0 
0 0 0 0 0 0 0 0 0 0 
0 0 0 0 0 0 0 0 0 0 
0 0 0 0 0 0 0 0 0 0 
0 0 0 0 0 0 0 0 0 0 
0 0 0 0 0 0 0 0 0 0 
0 0 0 0 0 0 0 0 0 0 
0 0 0 0 0 0 0 0 0 0 
0 0 0 0 0 0 0 0 0 0 
0 0 0 0 0 0 0 0 0 0 
0 0 0 0 0 0 0 0 0 0 
1 1 1 0 0 0 2 0 0 0 
1 1 1 0 1 2 2 0 0 0 
1 1 1 1 1 2 1 0 1 0 
1 1 1 1 1 1 1 1 0 1 
1 1 1 1 1 1 0 1 1 1 


Piece:
4
Board:
0 0 0 0 0 0 0 0 0 0 
0 0 0 0 0 0 0 0 0 0 
0 0 0 0 0 0 0 0 0 0 
0 0 0 0 0 0 0 0 0 0 
0 0 0 0 0 0 0 0 0 0 
0 0 0 0 0 0 0 0 0 0 
0 0 0 0 0 0 0 0 0 0 
0 0 0 0 0 0 0 0 0 0 
0 0 0 0 0 0 0 0 0 0 
0 0 0 0 0 0 0 0 0 0 
0 0 0 0 0 0 0 0 0 0 
0 0 0 0 0 0 0 0 0 0 
0 0 0 0 0 0 0 0 0 0 
0 0 0 0 0 0 0 0 0 0 
0 0 0 0 0 0 0 0 0 0 
1 1 1 0 0 0 1 0 2 0 
1 1 1 0 1 1 1 2 2 0 
1 1 1 1 1 1 1 2 1 0 
1 1 1 1 1 1 1 1 0 1 
1 1 1 1 1 1 0 1 1 1 


Piece:
2
Board:
0 0 0 0 0 0 0 0 0 0 
0 0 0 0 0 0 0 0 0 0 
0 0 0 0 0 0 0 0 0 0 
0 0 0 0 0 0 0 0 0 0 
0 0 0 0 0 0 0 0 0 0 
0 0 0 0 0 0 0 0 0 0 
0 0 0 0 0 0 0 0 0 0 
0 0 0 0 0 0 0 0 0 0 
0 0 0 0 0 0 0 0 0 0 
0 0 0 0 0 0 0 0 0 0 
0 0 0 0 0 0 0 0 0 0 
0 0 0 0 0 0 0 0 0 0 
0 0 0 0 0 0 0 0 0 0 
0 0 0 0 0 0 0 0 0 0 
0 0 0 0 0 0 0 0 0 2 
1 1 1 0 0 0 1 0 1 2 
1 1 1 0 1 1 1 1 1 2 
1 1 1 1 1 1 1 1 1 2 
1 1 1 1 1 1 1 1 0 1 
1 1 1 1 1 1 0 1 1 1 


Piece:
3
Board:
0 0 0 0 0 0 0 0 0 0 
0 0 0 0 0 0 0 0 0 0 
0 0 0 0 0 0 0 0 0 0 
0 0 0 0 0 0 0 0 0 0 
0 0 0 0 0 0 0 0 0 0 
0 0 0 0 0 0 0 0 0 0 
0 0 0 0 0 0 0 0 0 0 
0 0 0 0 0 0 0 0 0 0 
0 0 0 0 0 0 0 0 0 0 
0 0 0 0 0 0 0 0 0 0 
0 0 0 0 0 0 0 0 0 0 
0 0 0 0 0 0 0 0 0 0 
0 0 0 0 0 0 0 0 0 0 
0 0 0 0 0 0 0 0 0 0 
0 0 0 0 0 0 2 0 0 0 
0 0 0 0 0 0 2 2 0 1 
1 1 1 0 0 0 1 2 1 1 
1 1 1 0 1 1 1 1 1 1 
1 1 1 1 1 1 1 1 0 1 
1 1 1 1 1 1 0 1 1 1 


Piece:
4
Board:
0 0 0 0 0 0 0 0 0 0 
0 0 0 0 0 0 0 0 0 0 
0 0 0 0 0 0 0 0 0 0 
0 0 0 0 0 0 0 0 0 0 
0 0 0 0 0 0 0 0 0 0 
0 0 0 0 0 0 0 0 0 0 
0 0 0 0 0 0 0 0 0 0 
0 0 0 0 0 0 0 0 0 0 
0 0 0 0 0 0 0 0 0 0 
0 0 0 0 0 0 0 0 0 0 
0 0 0 0 0 0 0 0 0 0 
0 0 0 0 0 0 0 0 0 0 
0 0 0 0 0 0 0 0 0 0 
0 0 0 0 0 0 0 0 0 0 
0 0 0 0 0 0 1 0 0 0 
0 0 0 0 2 0 1 1 0 1 
1 1 1 2 2 0 1 1 1 1 
1 1 1 2 1 1 1 1 1 1 
1 1 1 1 1 1 1 1 0 1 
1 1 1 1 1 1 0 1 1 1 


Piece:
4
Board:
0 0 0 0 0 0 0 0 0 0 
0 0 0 0 0 0 0 0 0 0 
0 0 0 0 0 0 0 0 0 0 
0 0 0 0 0 0 0 0 0 0 
0 0 0 0 0 0 0 0 0 0 
0 0 0 0 0 0 0 0 0 0 
0 0 0 0 0 0 0 0 0 0 
0 0 0 0 0 0 0 0 0 0 
0 0 0 0 0 0 0 0 0 0 
0 0 0 0 0 0 0 0 0 0 
0 0 0 0 0 0 0 0 0 0 
0 0 0 0 0 0 0 0 0 0 
0 0 0 0 0 0 0 0 0 0 
0 0 0 0 0 0 0 0 0 0 
0 0 0 0 0 0 0 0 0 2 
0 0 0 0 0 0 1 0 2 2 
0 0 0 0 1 0 1 1 2 1 
1 1 1 1 1 0 1 1 1 1 
1 1 1 1 1 1 1 1 0 1 
1 1 1 1 1 1 0 1 1 1 


Piece:
4
Board:
0 0 0 0 0 0 0 0 0 0 
0 0 0 0 0 0 0 0 0 0 
0 0 0 0 0 0 0 0 0 0 
0 0 0 0 0 0 0 0 0 0 
0 0 0 0 0 0 0 0 0 0 
0 0 0 0 0 0 0 0 0 0 
0 0 0 0 0 0 0 0 0 0 
0 0 0 0 0 0 0 0 0 0 
0 0 0 0 0 0 0 0 0 0 
0 0 0 0 0 0 0 0 0 0 
0 0 0 0 0 0 0 0 0 0 
0 0 0 0 0 0 0 0 0 0 
0 0 0 0 0 0 0 0 0 0 
0 0 0 0 0 0 0 0 0 0 
0 0 0 0 0 0 0 0 0 1 
2 2 0 0 0 0 1 0 1 1 
0 2 2 0 1 0 1 1 1 1 
1 1 1 1 1 0 1 1 1 1 
1 1 1 1 1 1 1 1 0 1 
1 1 1 1 1 1 0 1 1 1 


Piece:
6
Board:
0 0 0 0 0 0 0 0 0 0 
0 0 0 0 0 0 0 0 0 0 
0 0 0 0 0 0 0 0 0 0 
0 0 0 0 0 0 0 0 0 0 
0 0 0 0 0 0 0 0 0 0 
0 0 0 0 0 0 0 0 0 0 
0 0 0 0 0 0 0 0 0 0 
0 0 0 0 0 0 0 0 0 0 
0 0 0 0 0 0 0 0 0 0 
0 0 0 0 0 0 0 0 0 0 
0 0 0 0 0 0 0 0 0 0 
0 0 0 0 0 0 0 0 0 0 
0 0 0 0 0 0 0 0 0 0 
0 0 0 0 0 0 0 0 0 0 
0 0 0 0 0 0 0 0 0 1 
1 1 0 0 2 2 1 0 1 1 
0 1 1 0 1 2 1 1 1 1 
1 1 1 1 1 2 1 1 1 1 
1 1 1 1 1 1 1 1 0 1 
1 1 1 1 1 1 0 1 1 1 


Piece:
6
Board:
0 0 0 0 0 0 0 0 0 0 
0 0 0 0 0 0 0 0 0 0 
0 0 0 0 0 0 0 0 0 0 
0 0 0 0 0 0 0 0 0 0 
0 0 0 0 0 0 0 0 0 0 
0 0 0 0 0 0 0 0 0 0 
0 0 0 0 0 0 0 0 0 0 
0 0 0 0 0 0 0 0 0 0 
0 0 0 0 0 0 0 0 0 0 
0 0 0 0 0 0 0 0 0 0 
0 0 0 0 0 0 0 0 0 0 
0 0 0 0 0 0 0 0 0 0 
0 0 0 0 0 0 0 0 0 0 
0 0 0 0 0 0 0 0 0 0 
0 0 0 0 0 0 0 0 0 0 
0 0 2 2 0 0 0 0 0 1 
1 1 0 2 1 1 1 0 1 1 
0 1 1 2 1 1 1 1 1 1 
1 1 1 1 1 1 1 1 0 1 
1 1 1 1 1 1 0 1 1 1 


Piece:
6
Board:
0 0 0 0 0 0 0 0 0 0 
0 0 0 0 0 0 0 0 0 0 
0 0 0 0 0 0 0 0 0 0 
0 0 0 0 0 0 0 0 0 0 
0 0 0 0 0 0 0 0 0 0 
0 0 0 0 0 0 0 0 0 0 
0 0 0 0 0 0 0 0 0 0 
0 0 0 0 0 0 0 0 0 0 
0 0 0 0 0 0 0 0 0 0 
0 0 0 0 0 0 0 0 0 0 
0 0 0 0 0 0 0 0 0 0 
0 0 0 0 0 0 0 0 0 0 
0 0 0 0 0 0 0 0 0 0 
2 0 0 0 0 0 0 0 0 0 
2 0 0 0 0 0 0 0 0 0 
2 2 1 1 0 0 0 0 0 1 
1 1 0 1 1 1 1 0 1 1 
0 1 1 1 1 1 1 1 1 1 
1 1 1 1 1 1 1 1 0 1 
1 1 1 1 1 1 0 1 1 1 


Piece:
4
Board:
0 0 0 0 0 0 0 0 0 0 
0 0 0 0 0 0 0 0 0 0 
0 0 0 0 0 0 0 0 0 0 
0 0 0 0 0 0 0 0 0 0 
0 0 0 0 0 0 0 0 0 0 
0 0 0 0 0 0 0 0 0 0 
0 0 0 0 0 0 0 0 0 0 
0 0 0 0 0 0 0 0 0 0 
0 0 0 0 0 0 0 0 0 0 
0 0 0 0 0 0 0 0 0 0 
0 0 0 0 0 0 0 0 0 0 
0 0 0 0 0 0 0 0 0 0 
0 0 0 0 0 0 0 0 0 0 
1 0 0 0 0 0 0 0 0 2 
1 0 0 0 0 0 0 0 2 2 
1 1 1 1 0 0 0 0 2 1 
1 1 0 1 1 1 1 0 1 1 
0 1 1 1 1 1 1 1 1 1 
1 1 1 1 1 1 1 1 0 1 
1 1 1 1 1 1 0 1 1 1 


Piece:
2
Board:
0 0 0 0 0 0 0 0 0 0 
0 0 0 0 0 0 0 0 0 0 
0 0 0 0 0 0 0 0 0 0 
0 0 0 0 0 0 0 0 0 0 
0 0 0 0 0 0 0 0 0 0 
0 0 0 0 0 0 0 0 0 0 
0 0 0 0 0 0 0 0 0 0 
0 0 0 0 0 0 0 0 0 0 
0 0 0 0 0 0 0 0 0 0 
0 0 0 0 0 0 0 0 0 0 
0 0 0 0 0 0 0 0 0 0 
0 0 0 0 0 0 0 0 0 0 
0 0 0 0 0 0 0 0 0 0 
1 0 0 0 0 0 0 0 0 1 
1 0 0 0 0 0 0 0 1 1 
1 1 1 1 2 2 2 2 1 1 
1 1 0 1 1 1 1 0 1 1 
0 1 1 1 1 1 1 1 1 1 
1 1 1 1 1 1 1 1 0 1 
1 1 1 1 1 1 0 1 1 1 


Piece:
1
Board:
0 0 0 0 0 0 0 0 0 0 
0 0 0 0 0 0 0 0 0 0 
0 0 0 0 0 0 0 0 0 0 
0 0 0 0 0 0 0 0 0 0 
0 0 0 0 0 0 0 0 0 0 
0 0 0 0 0 0 0 0 0 0 
0 0 0 0 0 0 0 0 0 0 
0 0 0 0 0 0 0 0 0 0 
0 0 0 0 0 0 0 0 0 0 
0 0 0 0 0 0 0 0 0 0 
0 0 0 0 0 0 0 0 0 0 
0 0 0 0 0 0 0 0 0 0 
0 0 0 0 0 0 0 0 0 0 
0 0 0 0 0 0 0 0 0 0 
1 0 0 2 2 0 0 0 0 1 
1 0 0 2 2 0 0 0 1 1 
1 1 0 1 1 1 1 0 1 1 
0 1 1 1 1 1 1 1 1 1 
1 1 1 1 1 1 1 1 0 1 
1 1 1 1 1 1 0 1 1 1 


Piece:
3
Board:
0 0 0 0 0 0 0 0 0 0 
0 0 0 0 0 0 0 0 0 0 
0 0 0 0 0 0 0 0 0 0 
0 0 0 0 0 0 0 0 0 0 
0 0 0 0 0 0 0 0 0 0 
0 0 0 0 0 0 0 0 0 0 
0 0 0 0 0 0 0 0 0 0 
0 0 0 0 0 0 0 0 0 0 
0 0 0 0 0 0 0 0 0 0 
0 0 0 0 0 0 0 0 0 0 
0 0 0 0 0 0 0 0 0 0 
0 0 0 0 0 0 0 0 0 0 
0 0 0 0 0 0 0 0 0 0 
0 0 0 0 0 0 0 0 0 0 
1 2 0 1 1 0 0 0 0 1 
1 2 2 1 1 0 0 0 1 1 
1 1 2 1 1 1 1 0 1 1 
0 1 1 1 1 1 1 1 1 1 
1 1 1 1 1 1 1 1 0 1 
1 1 1 1 1 1 0 1 1 1 


Piece:
1
Board:
0 0 0 0 0 0 0 0 0 0 
0 0 0 0 0 0 0 0 0 0 
0 0 0 0 0 0 0 0 0 0 
0 0 0 0 0 0 0 0 0 0 
0 0 0 0 0 0 0 0 0 0 
0 0 0 0 0 0 0 0 0 0 
0 0 0 0 0 0 0 0 0 0 
0 0 0 0 0 0 0 0 0 0 
0 0 0 0 0 0 0 0 0 0 
0 0 0 0 0 0 0 0 0 0 
0 0 0 0 0 0 0 0 0 0 
0 0 0 0 0 0 0 0 0 0 
0 0 0 0 0 0 0 0 0 0 
0 0 0 0 0 0 0 0 0 0 
1 1 0 1 1 2 2 0 0 1 
1 1 1 1 1 2 2 0 1 1 
1 1 1 1 1 1 1 0 1 1 
0 1 1 1 1 1 1 1 1 1 
1 1 1 1 1 1 1 1 0 1 
1 1 1 1 1 1 0 1 1 1 


Piece:
5
Board:
0 0 0 0 0 0 0 0 0 0 
0 0 0 0 0 0 0 0 0 0 
0 0 0 0 0 0 0 0 0 0 
0 0 0 0 0 0 0 0 0 0 
0 0 0 0 0 0 0 0 0 0 
0 0 0 0 0 0 0 0 0 0 
0 0 0 0 0 0 0 0 0 0 
0 0 0 0 0 0 0 0 0 0 
0 0 0 0 0 0 0 0 0 0 
0 0 0 0 0 0 0 0 0 0 
0 0 0 0 0 0 0 0 0 0 
0 0 0 0 0 0 0 0 0 0 
0 0 0 0 0 0 0 0 0 0 
0 0 0 0 0 0 0 0 0 0 
1 1 0 1 1 1 1 2 2 1 
1 1 1 1 1 1 1 2 1 1 
1 1 1 1 1 1 1 2 1 1 
0 1 1 1 1 1 1 1 1 1 
1 1 1 1 1 1 1 1 0 1 
1 1 1 1 1 1 0 1 1 1 


Piece:
5
Board:
0 0 0 0 0 0 0 0 0 0 
0 0 0 0 0 0 0 0 0 0 
0 0 0 0 0 0 0 0 0 0 
0 0 0 0 0 0 0 0 0 0 
0 0 0 0 0 0 0 0 0 0 
0 0 0 0 0 0 0 0 0 0 
0 0 0 0 0 0 0 0 0 0 
0 0 0 0 0 0 0 0 0 0 
0 0 0 0 0 0 0 0 0 0 
0 0 0 0 0 0 0 0 0 0 
0 0 0 0 0 0 0 0 0 0 
0 0 0 0 0 0 0 0 0 0 
0 0 0 0 0 0 0 0 0 0 
0 0 0 0 0 0 0 0 0 0 
0 0 0 0 0 0 0 0 0 0 
2 2 2 0 0 0 0 0 0 0 
1 1 2 1 1 1 1 1 1 1 
0 1 1 1 1 1 1 1 1 1 
1 1 1 1 1 1 1 1 0 1 
1 1 1 1 1 1 0 1 1 1 


Piece:
3
Board:
0 0 0 0 0 0 0 0 0 0 
0 0 0 0 0 0 0 0 0 0 
0 0 0 0 0 0 0 0 0 0 
0 0 0 0 0 0 0 0 0 0 
0 0 0 0 0 0 0 0 0 0 
0 0 0 0 0 0 0 0 0 0 
0 0 0 0 0 0 0 0 0 0 
0 0 0 0 0 0 0 0 0 0 
0 0 0 0 0 0 0 0 0 0 
0 0 0 0 0 0 0 0 0 0 
0 0 0 0 0 0 0 0 0 0 
0 0 0 0 0 0 0 0 0 0 
0 0 0 0 0 0 0 0 0 0 
0 0 0 0 0 0 0 0 0 0 
0 0 0 0 0 0 0 0 0 0 
0 0 0 0 0 0 0 0 2 2 
1 1 1 0 0 0 0 2 2 0 
0 1 1 1 1 1 1 1 1 1 
1 1 1 1 1 1 1 1 0 1 
1 1 1 1 1 1 0 1 1 1 


Piece:
4
Board:
0 0 0 0 0 0 0 0 0 0 
0 0 0 0 0 0 0 0 0 0 
0 0 0 0 0 0 0 0 0 0 
0 0 0 0 0 0 0 0 0 0 
0 0 0 0 0 0 0 0 0 0 
0 0 0 0 0 0 0 0 0 0 
0 0 0 0 0 0 0 0 0 0 
0 0 0 0 0 0 0 0 0 0 
0 0 0 0 0 0 0 0 0 0 
0 0 0 0 0 0 0 0 0 0 
0 0 0 0 0 0 0 0 0 0 
0 0 0 0 0 0 0 0 0 0 
0 0 0 0 0 0 0 0 0 0 
0 0 0 0 0 0 0 0 0 0 
0 0 0 0 0 0 0 0 0 0 
0 0 2 2 0 0 0 0 1 1 
1 1 1 2 2 0 0 1 1 0 
0 1 1 1 1 1 1 1 1 1 
1 1 1 1 1 1 1 1 0 1 
1 1 1 1 1 1 0 1 1 1 


Piece:
4
Board:
0 0 0 0 0 0 0 0 0 0 
0 0 0 0 0 0 0 0 0 0 
0 0 0 0 0 0 0 0 0 0 
0 0 0 0 0 0 0 0 0 0 
0 0 0 0 0 0 0 0 0 0 
0 0 0 0 0 0 0 0 0 0 
0 0 0 0 0 0 0 0 0 0 
0 0 0 0 0 0 0 0 0 0 
0 0 0 0 0 0 0 0 0 0 
0 0 0 0 0 0 0 0 0 0 
0 0 0 0 0 0 0 0 0 0 
0 0 0 0 0 0 0 0 0 0 
0 0 0 0 0 0 0 0 0 0 
0 0 0 0 0 0 0 0 0 0 
0 0 0 0 0 0 0 0 0 0 
0 0 1 1 2 2 0 0 1 1 
1 1 1 1 1 2 2 1 1 0 
0 1 1 1 1 1 1 1 1 1 
1 1 1 1 1 1 1 1 0 1 
1 1 1 1 1 1 0 1 1 1 


Piece:
5
Board:
0 0 0 0 0 0 0 0 0 0 
0 0 0 0 0 0 0 0 0 0 
0 0 0 0 0 0 0 0 0 0 
0 0 0 0 0 0 0 0 0 0 
0 0 0 0 0 0 0 0 0 0 
0 0 0 0 0 0 0 0 0 0 
0 0 0 0 0 0 0 0 0 0 
0 0 0 0 0 0 0 0 0 0 
0 0 0 0 0 0 0 0 0 0 
0 0 0 0 0 0 0 0 0 0 
0 0 0 0 0 0 0 0 0 0 
0 0 0 0 0 0 0 0 0 0 
0 0 0 0 0 0 0 0 0 0 
0 0 0 0 0 0 0 0 0 0 
0 0 0 0 2 2 2 0 0 0 
0 0 1 1 1 1 2 0 1 1 
1 1 1 1 1 1 1 1 1 0 
0 1 1 1 1 1 1 1 1 1 
1 1 1 1 1 1 1 1 0 1 
1 1 1 1 1 1 0 1 1 1 


Piece:
7
Board:
0 0 0 0 0 0 0 0 0 0 
0 0 0 0 0 0 0 0 0 0 
0 0 0 0 0 0 0 0 0 0 
0 0 0 0 0 0 0 0 0 0 
0 0 0 0 0 0 0 0 0 0 
0 0 0 0 0 0 0 0 0 0 
0 0 0 0 0 0 0 0 0 0 
0 0 0 0 0 0 0 0 0 0 
0 0 0 0 0 0 0 0 0 0 
0 0 0 0 0 0 0 0 0 0 
0 0 0 0 0 0 0 0 0 0 
0 0 0 0 0 0 0 0 0 0 
0 0 0 0 0 0 0 0 0 0 
0 0 0 0 0 0 0 2 0 0 
0 0 0 0 1 1 1 2 2 0 
0 0 1 1 1 1 1 2 1 1 
1 1 1 1 1 1 1 1 1 0 
0 1 1 1 1 1 1 1 1 1 
1 1 1 1 1 1 1 1 0 1 
1 1 1 1 1 1 0 1 1 1 


Piece:
1
Board:
0 0 0 0 0 0 0 0 0 0 
0 0 0 0 0 0 0 0 0 0 
0 0 0 0 0 0 0 0 0 0 
0 0 0 0 0 0 0 0 0 0 
0 0 0 0 0 0 0 0 0 0 
0 0 0 0 0 0 0 0 0 0 
0 0 0 0 0 0 0 0 0 0 
0 0 0 0 0 0 0 0 0 0 
0 0 0 0 0 0 0 0 0 0 
0 0 0 0 0 0 0 0 0 0 
0 0 0 0 0 0 0 0 0 0 
0 0 0 0 0 0 0 0 0 0 
0 0 0 0 0 0 0 0 0 0 
0 0 0 0 0 0 0 1 0 0 
2 2 0 0 1 1 1 1 1 0 
2 2 1 1 1 1 1 1 1 1 
1 1 1 1 1 1 1 1 1 0 
0 1 1 1 1 1 1 1 1 1 
1 1 1 1 1 1 1 1 0 1 
1 1 1 1 1 1 0 1 1 1 


Piece:
1
Board:
0 0 0 0 0 0 0 0 0 0 
0 0 0 0 0 0 0 0 0 0 
0 0 0 0 0 0 0 0 0 0 
0 0 0 0 0 0 0 0 0 0 
0 0 0 0 0 0 0 0 0 0 
0 0 0 0 0 0 0 0 0 0 
0 0 0 0 0 0 0 0 0 0 
0 0 0 0 0 0 0 0 0 0 
0 0 0 0 0 0 0 0 0 0 
0 0 0 0 0 0 0 0 0 0 
0 0 0 0 0 0 0 0 0 0 
0 0 0 0 0 0 0 0 0 0 
0 0 0 0 0 0 0 0 0 0 
2 2 0 0 0 0 0 0 0 0 
2 2 0 0 0 0 0 1 0 0 
1 1 0 0 1 1 1 1 1 0 
1 1 1 1 1 1 1 1 1 0 
0 1 1 1 1 1 1 1 1 1 
1 1 1 1 1 1 1 1 0 1 
1 1 1 1 1 1 0 1 1 1 


Piece:
1
Board:
0 0 0 0 0 0 0 0 0 0 
0 0 0 0 0 0 0 0 0 0 
0 0 0 0 0 0 0 0 0 0 
0 0 0 0 0 0 0 0 0 0 
0 0 0 0 0 0 0 0 0 0 
0 0 0 0 0 0 0 0 0 0 
0 0 0 0 0 0 0 0 0 0 
0 0 0 0 0 0 0 0 0 0 
0 0 0 0 0 0 0 0 0 0 
0 0 0 0 0 0 0 0 0 0 
0 0 0 0 0 0 0 0 0 0 
0 0 0 0 0 0 0 0 0 0 
0 0 0 0 0 0 0 0 0 0 
1 1 0 0 0 0 0 0 0 0 
1 1 2 2 0 0 0 1 0 0 
1 1 2 2 1 1 1 1 1 0 
1 1 1 1 1 1 1 1 1 0 
0 1 1 1 1 1 1 1 1 1 
1 1 1 1 1 1 1 1 0 1 
1 1 1 1 1 1 0 1 1 1 


Piece:
2
Board:
0 0 0 0 0 0 0 0 0 0 
0 0 0 0 0 0 0 0 0 0 
0 0 0 0 0 0 0 0 0 0 
0 0 0 0 0 0 0 0 0 0 
0 0 0 0 0 0 0 0 0 0 
0 0 0 0 0 0 0 0 0 0 
0 0 0 0 0 0 0 0 0 0 
0 0 0 0 0 0 0 0 0 0 
0 0 0 0 0 0 0 0 0 0 
0 0 0 0 0 0 0 0 0 0 
0 0 0 0 0 0 0 0 0 0 
0 0 0 0 0 0 0 0 0 0 
0 0 0 0 0 0 0 0 0 0 
1 1 0 0 0 0 0 0 0 2 
1 1 1 1 0 0 0 1 0 2 
1 1 1 1 1 1 1 1 1 2 
1 1 1 1 1 1 1 1 1 2 
0 1 1 1 1 1 1 1 1 1 
1 1 1 1 1 1 1 1 0 1 
1 1 1 1 1 1 0 1 1 1 


Piece:
2
Board:
0 0 0 0 0 0 0 0 0 0 
0 0 0 0 0 0 0 0 0 0 
0 0 0 0 0 0 0 0 0 0 
0 0 0 0 0 0 0 0 0 0 
0 0 0 0 0 0 0 0 0 0 
0 0 0 0 0 0 0 0 0 0 
0 0 0 0 0 0 0 0 0 0 
0 0 0 0 0 0 0 0 0 0 
0 0 0 0 0 0 0 0 0 0 
0 0 0 0 0 0 0 0 0 0 
0 0 0 0 0 0 0 0 0 0 
0 0 0 0 0 0 0 0 0 0 
0 0 0 0 0 0 0 0 0 0 
0 0 0 0 0 0 0 0 2 0 
0 0 0 0 0 0 0 0 2 0 
1 1 0 0 0 0 0 0 2 1 
1 1 1 1 0 0 0 1 2 1 
0 1 1 1 1 1 1 1 1 1 
1 1 1 1 1 1 1 1 0 1 
1 1 1 1 1 1 0 1 1 1 


Piece:
7
Board:
0 0 0 0 0 0 0 0 0 0 
0 0 0 0 0 0 0 0 0 0 
0 0 0 0 0 0 0 0 0 0 
0 0 0 0 0 0 0 0 0 0 
0 0 0 0 0 0 0 0 0 0 
0 0 0 0 0 0 0 0 0 0 
0 0 0 0 0 0 0 0 0 0 
0 0 0 0 0 0 0 0 0 0 
0 0 0 0 0 0 0 0 0 0 
0 0 0 0 0 0 0 0 0 0 
0 0 0 0 0 0 0 0 0 0 
0 0 0 0 0 0 0 0 0 0 
0 0 0 0 0 0 0 0 0 0 
0 0 0 0 0 0 0 0 1 0 
0 0 0 0 0 0 0 0 1 0 
1 1 0 0 0 2 0 0 1 1 
1 1 1 1 2 2 2 1 1 1 
0 1 1 1 1 1 1 1 1 1 
1 1 1 1 1 1 1 1 0 1 
1 1 1 1 1 1 0 1 1 1 


Piece:
1
Board:
0 0 0 0 0 0 0 0 0 0 
0 0 0 0 0 0 0 0 0 0 
0 0 0 0 0 0 0 0 0 0 
0 0 0 0 0 0 0 0 0 0 
0 0 0 0 0 0 0 0 0 0 
0 0 0 0 0 0 0 0 0 0 
0 0 0 0 0 0 0 0 0 0 
0 0 0 0 0 0 0 0 0 0 
0 0 0 0 0 0 0 0 0 0 
0 0 0 0 0 0 0 0 0 0 
0 0 0 0 0 0 0 0 0 0 
0 0 0 0 0 0 0 0 0 0 
0 0 0 0 0 0 0 0 0 0 
0 0 0 0 0 0 0 0 0 0 
0 0 0 0 0 0 0 0 1 0 
0 0 0 0 0 0 2 2 1 0 
1 1 0 0 0 1 2 2 1 1 
0 1 1 1 1 1 1 1 1 1 
1 1 1 1 1 1 1 1 0 1 
1 1 1 1 1 1 0 1 1 1 


Piece:
2
Board:
0 0 0 0 0 0 0 0 0 0 
0 0 0 0 0 0 0 0 0 0 
0 0 0 0 0 0 0 0 0 0 
0 0 0 0 0 0 0 0 0 0 
0 0 0 0 0 0 0 0 0 0 
0 0 0 0 0 0 0 0 0 0 
0 0 0 0 0 0 0 0 0 0 
0 0 0 0 0 0 0 0 0 0 
0 0 0 0 0 0 0 0 0 0 
0 0 0 0 0 0 0 0 0 0 
0 0 0 0 0 0 0 0 0 0 
0 0 0 0 0 0 0 0 0 0 
0 0 0 0 0 0 0 0 0 0 
0 0 2 0 0 0 0 0 0 0 
0 0 2 0 0 0 0 0 1 0 
0 0 2 0 0 0 1 1 1 0 
1 1 2 0 0 1 1 1 1 1 
0 1 1 1 1 1 1 1 1 1 
1 1 1 1 1 1 1 1 0 1 
1 1 1 1 1 1 0 1 1 1 


Piece:
1
Board:
0 0 0 0 0 0 0 0 0 0 
0 0 0 0 0 0 0 0 0 0 
0 0 0 0 0 0 0 0 0 0 
0 0 0 0 0 0 0 0 0 0 
0 0 0 0 0 0 0 0 0 0 
0 0 0 0 0 0 0 0 0 0 
0 0 0 0 0 0 0 0 0 0 
0 0 0 0 0 0 0 0 0 0 
0 0 0 0 0 0 0 0 0 0 
0 0 0 0 0 0 0 0 0 0 
0 0 0 0 0 0 0 0 0 0 
0 0 0 0 0 0 0 0 0 0 
0 0 0 0 0 0 0 0 0 0 
0 0 1 0 0 0 0 0 0 0 
2 2 1 0 0 0 0 0 1 0 
2 2 1 0 0 0 1 1 1 0 
1 1 1 0 0 1 1 1 1 1 
0 1 1 1 1 1 1 1 1 1 
1 1 1 1 1 1 1 1 0 1 
1 1 1 1 1 1 0 1 1 1 


Piece:
3
Board:
0 0 0 0 0 0 0 0 0 0 
0 0 0 0 0 0 0 0 0 0 
0 0 0 0 0 0 0 0 0 0 
0 0 0 0 0 0 0 0 0 0 
0 0 0 0 0 0 0 0 0 0 
0 0 0 0 0 0 0 0 0 0 
0 0 0 0 0 0 0 0 0 0 
0 0 0 0 0 0 0 0 0 0 
0 0 0 0 0 0 0 0 0 0 
0 0 0 0 0 0 0 0 0 0 
0 0 0 0 0 0 0 0 0 0 
0 0 0 0 0 0 0 0 0 0 
0 0 0 0 0 0 0 0 0 0 
0 0 1 0 0 0 0 0 0 0 
1 1 1 0 0 0 0 0 1 0 
1 1 1 0 2 2 1 1 1 0 
1 1 1 2 2 1 1 1 1 1 
0 1 1 1 1 1 1 1 1 1 
1 1 1 1 1 1 1 1 0 1 
1 1 1 1 1 1 0 1 1 1 


Piece:
3
Board:
0 0 0 0 0 0 0 0 0 0 
0 0 0 0 0 0 0 0 0 0 
0 0 0 0 0 0 0 0 0 0 
0 0 0 0 0 0 0 0 0 0 
0 0 0 0 0 0 0 0 0 0 
0 0 0 0 0 0 0 0 0 0 
0 0 0 0 0 0 0 0 0 0 
0 0 0 0 0 0 0 0 0 0 
0 0 0 0 0 0 0 0 0 0 
0 0 0 0 0 0 0 0 0 0 
0 0 0 0 0 0 0 0 0 0 
0 0 0 0 0 0 0 0 0 0 
0 0 0 0 0 0 0 0 0 0 
0 0 0 0 0 0 0 0 0 0 
0 0 1 0 0 0 0 2 2 0 
1 1 1 0 0 0 2 2 1 0 
1 1 1 0 1 1 1 1 1 0 
0 1 1 1 1 1 1 1 1 1 
1 1 1 1 1 1 1 1 0 1 
1 1 1 1 1 1 0 1 1 1 


Piece:
6
Board:
0 0 0 0 0 0 0 0 0 0 
0 0 0 0 0 0 0 0 0 0 
0 0 0 0 0 0 0 0 0 0 
0 0 0 0 0 0 0 0 0 0 
0 0 0 0 0 0 0 0 0 0 
0 0 0 0 0 0 0 0 0 0 
0 0 0 0 0 0 0 0 0 0 
0 0 0 0 0 0 0 0 0 0 
0 0 0 0 0 0 0 0 0 0 
0 0 0 0 0 0 0 0 0 0 
0 0 0 0 0 0 0 0 0 0 
0 0 0 0 0 0 0 0 0 0 
0 0 0 0 0 0 0 0 0 0 
0 0 0 0 0 0 0 0 0 0 
0 0 1 0 0 0 0 1 1 0 
1 1 1 2 2 2 1 1 1 0 
1 1 1 2 1 1 1 1 1 0 
0 1 1 1 1 1 1 1 1 1 
1 1 1 1 1 1 1 1 0 1 
1 1 1 1 1 1 0 1 1 1 


Piece:
3
Board:
0 0 0 0 0 0 0 0 0 0 
0 0 0 0 0 0 0 0 0 0 
0 0 0 0 0 0 0 0 0 0 
0 0 0 0 0 0 0 0 0 0 
0 0 0 0 0 0 0 0 0 0 
0 0 0 0 0 0 0 0 0 0 
0 0 0 0 0 0 0 0 0 0 
0 0 0 0 0 0 0 0 0 0 
0 0 0 0 0 0 0 0 0 0 
0 0 0 0 0 0 0 0 0 0 
0 0 0 0 0 0 0 0 0 0 
0 0 0 0 0 0 0 0 0 0 
0 0 0 0 0 0 0 0 0 0 
0 0 0 0 0 0 2 2 0 0 
0 0 1 0 0 2 2 1 1 0 
1 1 1 1 1 1 1 1 1 0 
1 1 1 1 1 1 1 1 1 0 
0 1 1 1 1 1 1 1 1 1 
1 1 1 1 1 1 1 1 0 1 
1 1 1 1 1 1 0 1 1 1 


Piece:
4
Board:
0 0 0 0 0 0 0 0 0 0 
0 0 0 0 0 0 0 0 0 0 
0 0 0 0 0 0 0 0 0 0 
0 0 0 0 0 0 0 0 0 0 
0 0 0 0 0 0 0 0 0 0 
0 0 0 0 0 0 0 0 0 0 
0 0 0 0 0 0 0 0 0 0 
0 0 0 0 0 0 0 0 0 0 
0 0 0 0 0 0 0 0 0 0 
0 0 0 0 0 0 0 0 0 0 
0 0 0 0 0 0 0 0 0 0 
0 0 0 0 0 0 0 0 0 0 
0 0 0 0 0 0 0 0 0 0 
0 0 2 2 0 0 1 1 0 0 
0 0 1 2 2 1 1 1 1 0 
1 1 1 1 1 1 1 1 1 0 
1 1 1 1 1 1 1 1 1 0 
0 1 1 1 1 1 1 1 1 1 
1 1 1 1 1 1 1 1 0 1 
1 1 1 1 1 1 0 1 1 1 


Piece:
3
Board:
0 0 0 0 0 0 0 0 0 0 
0 0 0 0 0 0 0 0 0 0 
0 0 0 0 0 0 0 0 0 0 
0 0 0 0 0 0 0 0 0 0 
0 0 0 0 0 0 0 0 0 0 
0 0 0 0 0 0 0 0 0 0 
0 0 0 0 0 0 0 0 0 0 
0 0 0 0 0 0 0 0 0 0 
0 0 0 0 0 0 0 0 0 0 
0 0 0 0 0 0 0 0 0 0 
0 0 0 0 0 0 0 0 0 0 
0 0 0 0 0 0 0 0 0 0 
0 0 0 0 0 0 0 0 2 0 
0 0 1 1 0 0 1 1 2 2 
0 0 1 1 1 1 1 1 1 2 
1 1 1 1 1 1 1 1 1 0 
1 1 1 1 1 1 1 1 1 0 
0 1 1 1 1 1 1 1 1 1 
1 1 1 1 1 1 1 1 0 1 
1 1 1 1 1 1 0 1 1 1 


Piece:
5
Board:
0 0 0 0 0 0 0 0 0 0 
0 0 0 0 0 0 0 0 0 0 
0 0 0 0 0 0 0 0 0 0 
0 0 0 0 0 0 0 0 0 0 
0 0 0 0 0 0 0 0 0 0 
0 0 0 0 0 0 0 0 0 0 
0 0 0 0 0 0 0 0 0 0 
0 0 0 0 0 0 0 0 0 0 
0 0 0 0 0 0 0 0 0 0 
0 0 0 0 0 0 0 0 0 0 
0 0 0 0 0 0 0 0 0 0 
0 0 0 0 0 0 0 0 0 0 
0 2 0 0 0 0 0 0 1 0 
0 2 1 1 0 0 1 1 1 1 
2 2 1 1 1 1 1 1 1 1 
1 1 1 1 1 1 1 1 1 0 
1 1 1 1 1 1 1 1 1 0 
0 1 1 1 1 1 1 1 1 1 
1 1 1 1 1 1 1 1 0 1 
1 1 1 1 1 1 0 1 1 1 


Piece:
3
Board:
0 0 0 0 0 0 0 0 0 0 
0 0 0 0 0 0 0 0 0 0 
0 0 0 0 0 0 0 0 0 0 
0 0 0 0 0 0 0 0 0 0 
0 0 0 0 0 0 0 0 0 0 
0 0 0 0 0 0 0 0 0 0 
0 0 0 0 0 0 0 0 0 0 
0 0 0 0 0 0 0 0 0 0 
0 0 0 0 0 0 0 0 0 0 
0 0 0 0 0 0 0 0 0 0 
0 0 0 0 0 0 0 0 0 0 
0 0 0 0 0 0 0 0 0 0 
0 0 0 0 0 0 0 0 0 0 
0 1 0 0 0 2 2 0 1 0 
0 1 1 1 2 2 1 1 1 1 
1 1 1 1 1 1 1 1 1 0 
1 1 1 1 1 1 1 1 1 0 
0 1 1 1 1 1 1 1 1 1 
1 1 1 1 1 1 1 1 0 1 
1 1 1 1 1 1 0 1 1 1 


Piece:
3
Board:
0 0 0 0 0 0 0 0 0 0 
0 0 0 0 0 0 0 0 0 0 
0 0 0 0 0 0 0 0 0 0 
0 0 0 0 0 0 0 0 0 0 
0 0 0 0 0 0 0 0 0 0 
0 0 0 0 0 0 0 0 0 0 
0 0 0 0 0 0 0 0 0 0 
0 0 0 0 0 0 0 0 0 0 
0 0 0 0 0 0 0 0 0 0 
0 0 0 0 0 0 0 0 0 0 
0 0 0 0 0 0 0 0 0 0 
0 2 0 0 0 0 0 0 0 0 
0 2 2 0 0 0 0 0 0 0 
0 1 2 0 0 1 1 0 1 0 
0 1 1 1 1 1 1 1 1 1 
1 1 1 1 1 1 1 1 1 0 
1 1 1 1 1 1 1 1 1 0 
0 1 1 1 1 1 1 1 1 1 
1 1 1 1 1 1 1 1 0 1 
1 1 1 1 1 1 0 1 1 1 


Piece:
1
Board:
0 0 0 0 0 0 0 0 0 0 
0 0 0 0 0 0 0 0 0 0 
0 0 0 0 0 0 0 0 0 0 
0 0 0 0 0 0 0 0 0 0 
0 0 0 0 0 0 0 0 0 0 
0 0 0 0 0 0 0 0 0 0 
0 0 0 0 0 0 0 0 0 0 
0 0 0 0 0 0 0 0 0 0 
0 0 0 0 0 0 0 0 0 0 
0 0 0 0 0 0 0 0 0 0 
0 0 0 0 0 0 0 0 0 0 
0 1 0 0 0 0 0 0 0 0 
0 1 1 2 2 0 0 0 0 0 
0 1 1 2 2 1 1 0 1 0 
0 1 1 1 1 1 1 1 1 1 
1 1 1 1 1 1 1 1 1 0 
1 1 1 1 1 1 1 1 1 0 
0 1 1 1 1 1 1 1 1 1 
1 1 1 1 1 1 1 1 0 1 
1 1 1 1 1 1 0 1 1 1 


Piece:
1
Board:
0 0 0 0 0 0 0 0 0 0 
0 0 0 0 0 0 0 0 0 0 
0 0 0 0 0 0 0 0 0 0 
0 0 0 0 0 0 0 0 0 0 
0 0 0 0 0 0 0 0 0 0 
0 0 0 0 0 0 0 0 0 0 
0 0 0 0 0 0 0 0 0 0 
0 0 0 0 0 0 0 0 0 0 
0 0 0 0 0 0 0 0 0 0 
0 0 0 0 0 0 0 0 0 0 
0 0 0 0 0 0 0 0 0 0 
0 1 0 0 0 2 2 0 0 0 
0 1 1 1 1 2 2 0 0 0 
0 1 1 1 1 1 1 0 1 0 
0 1 1 1 1 1 1 1 1 1 
1 1 1 1 1 1 1 1 1 0 
1 1 1 1 1 1 1 1 1 0 
0 1 1 1 1 1 1 1 1 1 
1 1 1 1 1 1 1 1 0 1 
1 1 1 1 1 1 0 1 1 1 


Piece:
6
Board:
0 0 0 0 0 0 0 0 0 0 
0 0 0 0 0 0 0 0 0 0 
0 0 0 0 0 0 0 0 0 0 
0 0 0 0 0 0 0 0 0 0 
0 0 0 0 0 0 0 0 0 0 
0 0 0 0 0 0 0 0 0 0 
0 0 0 0 0 0 0 0 0 0 
0 0 0 0 0 0 0 0 0 0 
0 0 0 0 0 0 0 0 0 0 
0 0 0 0 0 0 0 0 0 0 
0 0 0 0 0 0 0 0 0 0 
0 1 0 0 0 1 1 0 0 0 
0 1 1 1 1 1 1 2 2 2 
0 1 1 1 1 1 1 2 1 0 
0 1 1 1 1 1 1 1 1 1 
1 1 1 1 1 1 1 1 1 0 
1 1 1 1 1 1 1 1 1 0 
0 1 1 1 1 1 1 1 1 1 
1 1 1 1 1 1 1 1 0 1 
1 1 1 1 1 1 0 1 1 1 


Piece:
1
Board:
0 0 0 0 0 0 0 0 0 0 
0 0 0 0 0 0 0 0 0 0 
0 0 0 0 0 0 0 0 0 0 
0 0 0 0 0 0 0 0 0 0 
0 0 0 0 0 0 0 0 0 0 
0 0 0 0 0 0 0 0 0 0 
0 0 0 0 0 0 0 0 0 0 
0 0 0 0 0 0 0 0 0 0 
0 0 0 0 0 0 0 0 0 0 
0 0 0 0 0 0 0 0 0 0 
0 0 0 0 0 0 0 0 2 2 
0 1 0 0 0 1 1 0 2 2 
0 1 1 1 1 1 1 1 1 1 
0 1 1 1 1 1 1 1 1 0 
0 1 1 1 1 1 1 1 1 1 
1 1 1 1 1 1 1 1 1 0 
1 1 1 1 1 1 1 1 1 0 
0 1 1 1 1 1 1 1 1 1 
1 1 1 1 1 1 1 1 0 1 
1 1 1 1 1 1 0 1 1 1 


Piece:
4
Board:
0 0 0 0 0 0 0 0 0 0 
0 0 0 0 0 0 0 0 0 0 
0 0 0 0 0 0 0 0 0 0 
0 0 0 0 0 0 0 0 0 0 
0 0 0 0 0 0 0 0 0 0 
0 0 0 0 0 0 0 0 0 0 
0 0 0 0 0 0 0 0 0 0 
0 0 0 0 0 0 0 0 0 0 
0 0 0 0 0 0 0 0 0 0 
0 0 0 0 0 0 0 0 0 0 
0 2 2 0 0 0 0 0 1 1 
0 1 2 2 0 1 1 0 1 1 
0 1 1 1 1 1 1 1 1 1 
0 1 1 1 1 1 1 1 1 0 
0 1 1 1 1 1 1 1 1 1 
1 1 1 1 1 1 1 1 1 0 
1 1 1 1 1 1 1 1 1 0 
0 1 1 1 1 1 1 1 1 1 
1 1 1 1 1 1 1 1 0 1 
1 1 1 1 1 1 0 1 1 1 


Piece:
3
Board:
0 0 0 0 0 0 0 0 0 0 
0 0 0 0 0 0 0 0 0 0 
0 0 0 0 0 0 0 0 0 0 
0 0 0 0 0 0 0 0 0 0 
0 0 0 0 0 0 0 0 0 0 
0 0 0 0 0 0 0 0 0 0 
0 0 0 0 0 0 0 0 0 0 
0 0 0 0 0 0 0 0 0 0 
0 0 0 0 0 0 0 0 0 0 
0 0 0 2 0 0 0 0 0 0 
0 1 1 2 2 0 0 0 1 1 
0 1 1 1 2 1 1 0 1 1 
0 1 1 1 1 1 1 1 1 1 
0 1 1 1 1 1 1 1 1 0 
0 1 1 1 1 1 1 1 1 1 
1 1 1 1 1 1 1 1 1 0 
1 1 1 1 1 1 1 1 1 0 
0 1 1 1 1 1 1 1 1 1 
1 1 1 1 1 1 1 1 0 1 
1 1 1 1 1 1 0 1 1 1 


Piece:
1
Board:
0 0 0 0 0 0 0 0 0 0 
0 0 0 0 0 0 0 0 0 0 
0 0 0 0 0 0 0 0 0 0 
0 0 0 0 0 0 0 0 0 0 
0 0 0 0 0 0 0 0 0 0 
0 0 0 0 0 0 0 0 0 0 
0 0 0 0 0 0 0 0 0 0 
0 0 0 0 0 0 0 0 0 0 
0 0 0 0 0 0 0 0 2 2 
0 0 0 1 0 0 0 0 2 2 
0 1 1 1 1 0 0 0 1 1 
0 1 1 1 1 1 1 0 1 1 
0 1 1 1 1 1 1 1 1 1 
0 1 1 1 1 1 1 1 1 0 
0 1 1 1 1 1 1 1 1 1 
1 1 1 1 1 1 1 1 1 0 
1 1 1 1 1 1 1 1 1 0 
0 1 1 1 1 1 1 1 1 1 
1 1 1 1 1 1 1 1 0 1 
1 1 1 1 1 1 0 1 1 1 


Piece:
4
Board:
0 0 0 0 0 0 0 0 0 0 
0 0 0 0 0 0 0 0 0 0 
0 0 0 0 0 0 0 0 0 0 
0 0 0 0 0 0 0 0 0 0 
0 0 0 0 0 0 0 0 0 0 
0 0 0 0 0 0 0 0 0 0 
0 0 0 0 0 0 0 0 0 0 
0 0 0 0 0 0 0 0 0 0 
0 0 0 0 0 0 0 0 1 1 
0 0 0 1 2 2 0 0 1 1 
0 1 1 1 1 2 2 0 1 1 
0 1 1 1 1 1 1 0 1 1 
0 1 1 1 1 1 1 1 1 1 
0 1 1 1 1 1 1 1 1 0 
0 1 1 1 1 1 1 1 1 1 
1 1 1 1 1 1 1 1 1 0 
1 1 1 1 1 1 1 1 1 0 
0 1 1 1 1 1 1 1 1 1 
1 1 1 1 1 1 1 1 0 1 
1 1 1 1 1 1 0 1 1 1 


Piece:
1
Board:
0 0 0 0 0 0 0 0 0 0 
0 0 0 0 0 0 0 0 0 0 
0 0 0 0 0 0 0 0 0 0 
0 0 0 0 0 0 0 0 0 0 
0 0 0 0 0 0 0 0 0 0 
0 0 0 0 0 0 0 0 0 0 
0 0 0 0 0 0 0 0 0 0 
0 0 0 0 0 0 0 0 0 0 
0 2 2 0 0 0 0 0 1 1 
0 2 2 1 1 1 0 0 1 1 
0 1 1 1 1 1 1 0 1 1 
0 1 1 1 1 1 1 0 1 1 
0 1 1 1 1 1 1 1 1 1 
0 1 1 1 1 1 1 1 1 0 
0 1 1 1 1 1 1 1 1 1 
1 1 1 1 1 1 1 1 1 0 
1 1 1 1 1 1 1 1 1 0 
0 1 1 1 1 1 1 1 1 1 
1 1 1 1 1 1 1 1 0 1 
1 1 1 1 1 1 0 1 1 1 


Piece:
7
Board:
0 0 0 0 0 0 0 0 0 0 
0 0 0 0 0 0 0 0 0 0 
0 0 0 0 0 0 0 0 0 0 
0 0 0 0 0 0 0 0 0 0 
0 0 0 0 0 0 0 0 0 0 
0 0 0 0 0 0 0 0 0 0 
0 0 0 0 0 0 0 0 0 0 
0 0 0 0 0 0 0 0 0 0 
0 1 1 0 0 0 0 2 1 1 
0 1 1 1 1 1 2 2 1 1 
0 1 1 1 1 1 1 2 1 1 
0 1 1 1 1 1 1 0 1 1 
0 1 1 1 1 1 1 1 1 1 
0 1 1 1 1 1 1 1 1 0 
0 1 1 1 1 1 1 1 1 1 
1 1 1 1 1 1 1 1 1 0 
1 1 1 1 1 1 1 1 1 0 
0 1 1 1 1 1 1 1 1 1 
1 1 1 1 1 1 1 1 0 1 
1 1 1 1 1 1 0 1 1 1 


Piece:
1
Board:
0 0 0 0 0 0 0 0 0 0 
0 0 0 0 0 0 0 0 0 0 
0 0 0 0 0 0 0 0 0 0 
0 0 0 0 0 0 0 0 0 0 
0 0 0 0 0 0 0 0 0 0 
0 0 0 0 0 0 0 0 0 0 
0 0 0 0 0 0 0 0 0 0 
0 0 0 0 2 2 0 0 0 0 
0 1 1 0 2 2 0 1 1 1 
0 1 1 1 1 1 1 1 1 1 
0 1 1 1 1 1 1 1 1 1 
0 1 1 1 1 1 1 0 1 1 
0 1 1 1 1 1 1 1 1 1 
0 1 1 1 1 1 1 1 1 0 
0 1 1 1 1 1 1 1 1 1 
1 1 1 1 1 1 1 1 1 0 
1 1 1 1 1 1 1 1 1 0 
0 1 1 1 1 1 1 1 1 1 
1 1 1 1 1 1 1 1 0 1 
1 1 1 1 1 1 0 1 1 1 


Piece:
5
Board:
0 0 0 0 0 0 0 0 0 0 
0 0 0 0 0 0 0 0 0 0 
0 0 0 0 0 0 0 0 0 0 
0 0 0 0 0 0 0 0 0 0 
0 0 0 0 0 0 0 0 0 0 
0 0 0 0 0 0 0 0 0 0 
0 0 0 0 0 0 0 0 0 0 
0 2 2 2 1 1 0 0 0 0 
0 1 1 2 1 1 0 1 1 1 
0 1 1 1 1 1 1 1 1 1 
0 1 1 1 1 1 1 1 1 1 
0 1 1 1 1 1 1 0 1 1 
0 1 1 1 1 1 1 1 1 1 
0 1 1 1 1 1 1 1 1 0 
0 1 1 1 1 1 1 1 1 1 
1 1 1 1 1 1 1 1 1 0 
1 1 1 1 1 1 1 1 1 0 
0 1 1 1 1 1 1 1 1 1 
1 1 1 1 1 1 1 1 0 1 
1 1 1 1 1 1 0 1 1 1 


Piece:
1
Board:
0 0 0 0 0 0 0 0 0 0 
0 0 0 0 0 0 0 0 0 0 
0 0 0 0 0 0 0 0 0 0 
0 0 0 0 0 0 0 0 0 0 
0 0 0 0 0 0 0 0 0 0 
0 0 0 0 0 0 0 0 0 0 
0 0 0 0 0 0 2 2 0 0 
0 1 1 1 1 1 2 2 0 0 
0 1 1 1 1 1 0 1 1 1 
0 1 1 1 1 1 1 1 1 1 
0 1 1 1 1 1 1 1 1 1 
0 1 1 1 1 1 1 0 1 1 
0 1 1 1 1 1 1 1 1 1 
0 1 1 1 1 1 1 1 1 0 
0 1 1 1 1 1 1 1 1 1 
1 1 1 1 1 1 1 1 1 0 
1 1 1 1 1 1 1 1 1 0 
0 1 1 1 1 1 1 1 1 1 
1 1 1 1 1 1 1 1 0 1 
1 1 1 1 1 1 0 1 1 1 


Piece:
1
Board:
0 0 0 0 0 0 0 0 0 0 
0 0 0 0 0 0 0 0 0 0 
0 0 0 0 0 0 0 0 0 0 
0 0 0 0 0 0 0 0 0 0 
0 0 0 0 0 0 0 0 0 0 
0 0 0 0 0 0 0 0 0 0 
0 0 0 0 0 0 1 1 2 2 
0 1 1 1 1 1 1 1 2 2 
0 1 1 1 1 1 0 1 1 1 
0 1 1 1 1 1 1 1 1 1 
0 1 1 1 1 1 1 1 1 1 
0 1 1 1 1 1 1 0 1 1 
0 1 1 1 1 1 1 1 1 1 
0 1 1 1 1 1 1 1 1 0 
0 1 1 1 1 1 1 1 1 1 
1 1 1 1 1 1 1 1 1 0 
1 1 1 1 1 1 1 1 1 0 
0 1 1 1 1 1 1 1 1 1 
1 1 1 1 1 1 1 1 0 1 
1 1 1 1 1 1 0 1 1 1 


Piece:
4
Board:
0 0 0 0 0 0 0 0 0 0 
0 0 0 0 0 0 0 0 0 0 
0 0 0 0 0 0 0 0 0 0 
0 0 0 0 0 0 0 0 0 0 
0 0 0 0 0 0 0 0 0 0 
0 2 2 0 0 0 0 0 0 0 
0 0 2 2 0 0 1 1 1 1 
0 1 1 1 1 1 1 1 1 1 
0 1 1 1 1 1 0 1 1 1 
0 1 1 1 1 1 1 1 1 1 
0 1 1 1 1 1 1 1 1 1 
0 1 1 1 1 1 1 0 1 1 
0 1 1 1 1 1 1 1 1 1 
0 1 1 1 1 1 1 1 1 0 
0 1 1 1 1 1 1 1 1 1 
1 1 1 1 1 1 1 1 1 0 
1 1 1 1 1 1 1 1 1 0 
0 1 1 1 1 1 1 1 1 1 
1 1 1 1 1 1 1 1 0 1 
1 1 1 1 1 1 0 1 1 1 


Piece:
4
Board:
0 0 0 0 0 0 0 0 0 0 
0 0 0 0 0 0 0 0 0 0 
0 0 0 0 0 0 0 0 0 0 
0 0 0 0 0 0 0 0 0 0 
0 0 0 0 0 0 0 0 0 0 
0 1 1 2 2 0 0 0 0 0 
0 0 1 1 2 2 1 1 1 1 
0 1 1 1 1 1 1 1 1 1 
0 1 1 1 1 1 0 1 1 1 
0 1 1 1 1 1 1 1 1 1 
0 1 1 1 1 1 1 1 1 1 
0 1 1 1 1 1 1 0 1 1 
0 1 1 1 1 1 1 1 1 1 
0 1 1 1 1 1 1 1 1 0 
0 1 1 1 1 1 1 1 1 1 
1 1 1 1 1 1 1 1 1 0 
1 1 1 1 1 1 1 1 1 0 
0 1 1 1 1 1 1 1 1 1 
1 1 1 1 1 1 1 1 0 1 
1 1 1 1 1 1 0 1 1 1 


Piece:
3
Board:
0 0 0 0 0 0 0 0 0 0 
0 0 0 0 0 0 0 0 0 0 
0 0 0 0 0 0 0 0 0 0 
0 0 0 0 0 0 0 0 0 0 
0 0 0 0 0 0 0 0 2 2 
0 1 1 1 1 0 0 2 2 0 
0 0 1 1 1 1 1 1 1 1 
0 1 1 1 1 1 1 1 1 1 
0 1 1 1 1 1 0 1 1 1 
0 1 1 1 1 1 1 1 1 1 
0 1 1 1 1 1 1 1 1 1 
0 1 1 1 1 1 1 0 1 1 
0 1 1 1 1 1 1 1 1 1 
0 1 1 1 1 1 1 1 1 0 
0 1 1 1 1 1 1 1 1 1 
1 1 1 1 1 1 1 1 1 0 
1 1 1 1 1 1 1 1 1 0 
0 1 1 1 1 1 1 1 1 1 
1 1 1 1 1 1 1 1 0 1 
1 1 1 1 1 1 0 1 1 1 


Piece:
4
Board:
0 0 0 0 0 0 0 0 0 0 
0 0 0 0 0 0 0 0 0 0 
0 0 0 0 0 0 0 0 0 0 
0 0 0 0 0 0 0 2 0 0 
0 0 0 0 0 0 2 2 1 1 
0 1 1 1 1 0 2 1 1 0 
0 0 1 1 1 1 1 1 1 1 
0 1 1 1 1 1 1 1 1 1 
0 1 1 1 1 1 0 1 1 1 
0 1 1 1 1 1 1 1 1 1 
0 1 1 1 1 1 1 1 1 1 
0 1 1 1 1 1 1 0 1 1 
0 1 1 1 1 1 1 1 1 1 
0 1 1 1 1 1 1 1 1 0 
0 1 1 1 1 1 1 1 1 1 
1 1 1 1 1 1 1 1 1 0 
1 1 1 1 1 1 1 1 1 0 
0 1 1 1 1 1 1 1 1 1 
1 1 1 1 1 1 1 1 0 1 
1 1 1 1 1 1 0 1 1 1 


Piece:
5
Board:
0 0 0 0 0 0 0 0 0 0 
0 0 0 0 0 0 0 0 0 0 
0 0 0 0 0 0 0 0 0 0 
0 0 0 0 0 0 0 1 0 0 
0 0 0 2 2 2 1 1 1 1 
0 1 1 1 1 2 1 1 1 0 
0 0 1 1 1 1 1 1 1 1 
0 1 1 1 1 1 1 1 1 1 
0 1 1 1 1 1 0 1 1 1 
0 1 1 1 1 1 1 1 1 1 
0 1 1 1 1 1 1 1 1 1 
0 1 1 1 1 1 1 0 1 1 
0 1 1 1 1 1 1 1 1 1 
0 1 1 1 1 1 1 1 1 0 
0 1 1 1 1 1 1 1 1 1 
1 1 1 1 1 1 1 1 1 0 
1 1 1 1 1 1 1 1 1 0 
0 1 1 1 1 1 1 1 1 1 
1 1 1 1 1 1 1 1 0 1 
1 1 1 1 1 1 0 1 1 1 


Piece:
4
Board:
0 0 0 0 0 0 0 0 0 0 
0 0 0 0 0 0 0 0 0 0 
0 0 0 0 0 0 0 2 2 0 
0 0 0 0 0 0 0 1 2 2 
0 0 0 1 1 1 1 1 1 1 
0 1 1 1 1 1 1 1 1 0 
0 0 1 1 1 1 1 1 1 1 
0 1 1 1 1 1 1 1 1 1 
0 1 1 1 1 1 0 1 1 1 
0 1 1 1 1 1 1 1 1 1 
0 1 1 1 1 1 1 1 1 1 
0 1 1 1 1 1 1 0 1 1 
0 1 1 1 1 1 1 1 1 1 
0 1 1 1 1 1 1 1 1 0 
0 1 1 1 1 1 1 1 1 1 
1 1 1 1 1 1 1 1 1 0 
1 1 1 1 1 1 1 1 1 0 
0 1 1 1 1 1 1 1 1 1 
1 1 1 1 1 1 1 1 0 1 
1 1 1 1 1 1 0 1 1 1 


